Data from SVO Filter Profile Services
http://svo2.cab.inta-csic.es/theory/fps/index.php?id=Gemini/GPI.H&&mode=browse&gname=Gemini&gname2=GPI#filter

14558.0 0.0000000000
14560.0 0.0007328034
14562.0 0.0009749869
14564.0 0.0003944265
14566.0 0.0006298221
14568.0 0.0010229640
14570.0 0.0003983879
14572.0 0.0009818347
14574.0 0.0005357605
14576.0 0.0005243660
14578.0 0.0005009961
14580.0 0.0002455179
14582.0 0.0014482646
14584.0 0.0009932019
14586.0 0.0019510371
14588.0 0.0002005132
14590.0 0.0010209066
14592.0 0.0025179542
14594.0 0.0001190327
14596.0 0.0016045407
14598.0 0.0012707845
14600.0 0.0013065864
14602.0 0.0016302385
14604.0 0.0021139171
14606.0 0.0028008190
14608.0 0.0018958949
14610.0 0.0022296330
14612.0 0.0015481368
14614.0 0.0036545354
14616.0 0.0020443136
14618.0 0.0027793122
14620.0 0.0019080462
14622.0 0.0028535188
14624.0 0.0022605660
14626.0 0.0026981237
14628.0 0.0020099902
14630.0 0.0036921746
14632.0 0.0035131492
14634.0 0.0032204823
14636.0 0.0046228710
14638.0 0.0033288320
14640.0 0.0032800170
14642.0 0.0054302400
14644.0 0.0037308120
14646.0 0.0045158872
14648.0 0.0048496010
14650.0 0.0052469740
14652.0 0.0033506157
14654.0 0.0049483010
14656.0 0.0055635422
14658.0 0.0046813830
14660.0 0.0052122120
14662.0 0.0047888020
14664.0 0.0053643943
14666.0 0.0046896090
14668.0 0.0051353127
14670.0 0.0046944840
14672.0 0.0062154850
14674.0 0.0051579406
14676.0 0.0041899327
14678.0 0.0044021294
14680.0 0.0064005470
14682.0 0.0046721185
14684.0 0.0042926194
14686.0 0.0048424006
14688.0 0.0049692374
14690.0 0.0049368170
14692.0 0.0052143503
14694.0 0.0038877120
14696.0 0.0042993810
14698.0 0.0050328635
14700.0 0.0043251365
14702.0 0.0046003377
14704.0 0.0044067900
14706.0 0.0039018882
14708.0 0.0049476820
14710.0 0.0049545895
14712.0 0.0043378044
14714.0 0.0050600590
14716.0 0.0040241780
14718.0 0.0049081790
14720.0 0.0042763925
14722.0 0.0053322750
14724.0 0.0040549620
14726.0 0.0051334198
14728.0 0.0040202690
14730.0 0.0037968130
14732.0 0.0045673735
14734.0 0.0033570070
14736.0 0.0040839105
14738.0 0.0056949380
14740.0 0.0051317285
14742.0 0.0050866213
14744.0 0.0048434404
14746.0 0.0056479270
14748.0 0.0044760850
14750.0 0.0051830680
14752.0 0.0042425970
14754.0 0.0041670270
14756.0 0.0042961403
14758.0 0.0057786380
14760.0 0.0051126354
14762.0 0.0054203110
14764.0 0.0036729820
14766.0 0.0056049805
14768.0 0.0051599806
14770.0 0.0052997028
14772.0 0.0052281455
14774.0 0.0064834940
14776.0 0.0056736880
14778.0 0.0057803183
14780.0 0.0059349390
14782.0 0.0063459630
14784.0 0.0077689010
14786.0 0.0066809910
14788.0 0.0077854227
14790.0 0.0052525490
14792.0 0.0055714500
14794.0 0.0071893716
14796.0 0.0065291950
14798.0 0.0085797710
14800.0 0.0086540330
14802.0 0.0094663570
14804.0 0.0093812100
14806.0 0.0073213590
14808.0 0.0090386190
14810.0 0.0082852150
14812.0 0.0084335190
14814.0 0.0107248700
14816.0 0.0108132060
14818.0 0.0104941090
14820.0 0.0106115100
14822.0 0.0112255800
14824.0 0.0107834260
14826.0 0.0120568460
14828.0 0.0120780240
14830.0 0.0135792100
14832.0 0.0138713345
14834.0 0.0143616510
14836.0 0.0149308100
14838.0 0.0161208600
14840.0 0.0149200310
14842.0 0.0169766230
14844.0 0.0170853210
14846.0 0.0186634790
14848.0 0.0195348820
14850.0 0.0207046380
14852.0 0.0201718640
14854.0 0.0230192430
14856.0 0.0234543570
14858.0 0.0238865500
14860.0 0.0254231910
14862.0 0.0268789940
14864.0 0.0289551900
14866.0 0.0292705190
14868.0 0.0313003770
14870.0 0.0348185450
14872.0 0.0353739200
14874.0 0.0374970470
14876.0 0.0404952130
14878.0 0.0419553400
14880.0 0.0438121780
14882.0 0.0467631930
14884.0 0.0529971700
14886.0 0.0527731370
14888.0 0.0566314270
14890.0 0.0603137650
14892.0 0.0635469560
14894.0 0.0655226700
14896.0 0.0727187250
14898.0 0.0752581360
14900.0 0.0831767000
14902.0 0.0897782100
14904.0 0.0960333650
14906.0 0.1006741200
14908.0 0.1104686000
14910.0 0.1152188400
14912.0 0.1227520200
14914.0 0.1271890800
14916.0 0.1479834500
14918.0 0.1569344000
14920.0 0.1709600000
14922.0 0.1829815400
14924.0 0.1968130900
14926.0 0.2101613300
14928.0 0.2245746100
14930.0 0.2429843000
14932.0 0.2606707000
14934.0 0.2785071400
14936.0 0.3160307700
14938.0 0.3241781000
14940.0 0.3419492800
14942.0 0.3650124000
14944.0 0.3896132700
14946.0 0.4153902000
14948.0 0.4366697700
14950.0 0.4433974000
14952.0 0.4872962800
14954.0 0.5286357400
14956.0 0.5349576000
14958.0 0.5570131000
14960.0 0.5809668000
14962.0 0.6021327400
14964.0 0.6254126400
14966.0 0.6285536000
14968.0 0.6615385400
14970.0 0.6852171400
14972.0 0.6902287000
14974.0 0.7011060000
14976.0 0.7122323000
14978.0 0.7201779000
14980.0 0.7253631400
14982.0 0.7314365500
14984.0 0.7312155400
14986.0 0.7364339000
14988.0 0.7374338500
14990.0 0.7363485700
14992.0 0.7355520000
14994.0 0.7329731600
14996.0 0.7312816400
14998.0 0.7276053400
15000.0 0.7254485500
15002.0 0.7198369000
15004.0 0.7181878000
15006.0 0.7117063400
15008.0 0.7093996400
15010.0 0.7074899000
15012.0 0.7051192000
15014.0 0.7010001500
15016.0 0.6992301300
15018.0 0.6977286300
15020.0 0.6959880600
15022.0 0.6944530600
15024.0 0.6921822000
15026.0 0.6920991000
15028.0 0.6921971000
15030.0 0.6924060600
15032.0 0.6915214000
15034.0 0.6930803700
15036.0 0.6935314000
15038.0 0.6951986600
15040.0 0.6978289000
15042.0 0.7017992000
15044.0 0.7036493000
15046.0 0.7062844600
15048.0 0.7084104400
15050.0 0.7102103000
15052.0 0.7151918000
15054.0 0.7200751000
15056.0 0.7241900000
15058.0 0.7307038300
15060.0 0.7341137000
15062.0 0.7397986000
15064.0 0.7430913400
15066.0 0.7491331700
15068.0 0.7540452000
15070.0 0.7573349500
15072.0 0.7642737000
15074.0 0.7738386000
15076.0 0.7755332000
15078.0 0.7800723300
15080.0 0.7861870000
15082.0 0.7902647000
15084.0 0.7932156000
15086.0 0.7999651000
15088.0 0.8015644600
15090.0 0.8095380700
15092.0 0.8172197000
15094.0 0.8179831500
15096.0 0.8222549600
15098.0 0.8264015000
15100.0 0.8281429400
15102.0 0.8314001000
15104.0 0.8326447000
15106.0 0.8388060000
15108.0 0.8389125000
15110.0 0.8415918000
15112.0 0.8430708000
15114.0 0.8443442600
15116.0 0.8449670700
15118.0 0.8450502000
15120.0 0.8453429000
15122.0 0.8456074000
15124.0 0.8454000400
15126.0 0.8445555000
15128.0 0.8441737000
15130.0 0.8414964000
15132.0 0.8417970500
15134.0 0.8392961000
15136.0 0.8369090600
15138.0 0.8351137600
15140.0 0.8318169000
15142.0 0.8294025700
15144.0 0.8256870500
15146.0 0.8233122000
15148.0 0.8203823000
15150.0 0.8189786700
15152.0 0.8152044400
15154.0 0.8114185000
15156.0 0.8120990000
15158.0 0.8064125000
15160.0 0.8009532000
15162.0 0.7979674300
15164.0 0.7934520000
15166.0 0.7922290600
15168.0 0.7901170000
15170.0 0.7859284000
15172.0 0.7845120400
15174.0 0.7828328000
15176.0 0.7767443000
15178.0 0.7737536000
15180.0 0.7707892000
15182.0 0.7689626000
15184.0 0.7668724000
15186.0 0.7631069400
15188.0 0.7590794600
15190.0 0.7588616000
15192.0 0.7550521000
15194.0 0.7545385000
15196.0 0.7515892000
15198.0 0.7494084000
15200.0 0.7488223000
15202.0 0.7465315500
15204.0 0.7448189000
15206.0 0.7450105500
15208.0 0.7430332300
15210.0 0.7419189000
15212.0 0.7407671000
15214.0 0.7404145000
15216.0 0.7380492700
15218.0 0.7392670000
15220.0 0.7388543000
15222.0 0.7377459000
15224.0 0.7384245000
15226.0 0.7384569000
15228.0 0.7374956000
15230.0 0.7374335000
15232.0 0.7379943000
15234.0 0.7385033400
15236.0 0.7390582600
15238.0 0.7382625300
15240.0 0.7404548500
15242.0 0.7405727500
15244.0 0.7408494400
15246.0 0.7412325000
15248.0 0.7424282000
15250.0 0.7440886000
15252.0 0.7449006400
15254.0 0.7462356000
15256.0 0.7469806700
15258.0 0.7485446300
15260.0 0.7493014000
15262.0 0.7502956000
15264.0 0.7530626700
15266.0 0.7520805600
15268.0 0.7537797700
15270.0 0.7560548000
15272.0 0.7565706000
15274.0 0.7589405000
15276.0 0.7595728000
15278.0 0.7616020400
15280.0 0.7628189300
15282.0 0.7654573300
15284.0 0.7651842000
15286.0 0.7678082000
15288.0 0.7688110500
15290.0 0.7698030000
15292.0 0.7728267000
15294.0 0.7721172600
15296.0 0.7749455000
15298.0 0.7777952000
15300.0 0.7780257000
15302.0 0.7792160000
15304.0 0.7816469000
15306.0 0.7822274600
15308.0 0.7834661600
15310.0 0.7852037500
15312.0 0.7849760700
15314.0 0.7883411600
15316.0 0.7891672000
15318.0 0.7900747700
15320.0 0.7919025400
15322.0 0.7929855600
15324.0 0.7943529500
15326.0 0.7968111600
15328.0 0.7970573300
15330.0 0.7984352000
15332.0 0.8002524000
15334.0 0.8022888000
15336.0 0.8035185000
15338.0 0.8030164000
15340.0 0.8038165600
15342.0 0.8058201000
15344.0 0.8080748000
15346.0 0.8090687000
15348.0 0.8094044300
15350.0 0.8113773500
15352.0 0.8126820300
15354.0 0.8136352300
15356.0 0.8142831000
15358.0 0.8158330000
15360.0 0.8162769000
15362.0 0.8190462000
15364.0 0.8188079000
15366.0 0.8206469000
15368.0 0.8222891000
15370.0 0.8238482000
15372.0 0.8247316500
15374.0 0.8265763000
15376.0 0.8283114000
15378.0 0.8284512000
15380.0 0.8308157000
15382.0 0.8317863300
15384.0 0.8329907000
15386.0 0.8345397000
15388.0 0.8360776300
15390.0 0.8385870000
15392.0 0.8395107000
15394.0 0.8409660000
15396.0 0.8430958000
15398.0 0.8438769000
15400.0 0.8462675000
15402.0 0.8489399600
15404.0 0.8489943000
15406.0 0.8508169700
15408.0 0.8542433400
15410.0 0.8544477000
15412.0 0.8550882000
15414.0 0.8580499000
15416.0 0.8585382000
15418.0 0.8605004000
15420.0 0.8647335000
15422.0 0.8648895000
15424.0 0.8664441000
15426.0 0.8678197000
15428.0 0.8694991500
15430.0 0.8714092400
15432.0 0.8713366000
15434.0 0.8749837000
15436.0 0.8774624500
15438.0 0.8786314000
15440.0 0.8800863600
15442.0 0.8820639000
15444.0 0.8825367000
15446.0 0.8837032300
15448.0 0.8870108000
15450.0 0.8882951000
15452.0 0.8903091000
15454.0 0.8912120000
15456.0 0.8933726500
15458.0 0.8942223000
15460.0 0.8944038000
15462.0 0.8967327000
15464.0 0.8986645300
15466.0 0.8987285000
15468.0 0.8998534700
15470.0 0.9008024300
15472.0 0.9032711000
15474.0 0.9047652500
15476.0 0.9038170000
15478.0 0.9049088000
15480.0 0.9067186000
15482.0 0.9069746000
15484.0 0.9070115700
15486.0 0.9079109400
15488.0 0.9098074400
15490.0 0.9088055000
15492.0 0.9096306600
15494.0 0.9096325600
15496.0 0.9100919400
15498.0 0.9097958000
15500.0 0.9097652400
15502.0 0.9104526600
15504.0 0.9099877000
15506.0 0.9095017300
15508.0 0.9098384400
15510.0 0.9092249000
15512.0 0.9091819500
15514.0 0.9083030000
15516.0 0.9075043000
15518.0 0.9084739000
15520.0 0.9066547000
15522.0 0.9068435000
15524.0 0.9067436500
15526.0 0.9046474700
15528.0 0.9042818500
15530.0 0.9044583000
15532.0 0.9023440000
15534.0 0.9023110000
15536.0 0.9015715000
15538.0 0.9002614600
15540.0 0.8984740000
15542.0 0.8979347000
15544.0 0.8958469600
15546.0 0.8952941300
15548.0 0.8947608500
15550.0 0.8934433500
15552.0 0.8919785000
15554.0 0.8917119000
15556.0 0.8900043000
15558.0 0.8880783300
15560.0 0.8865569000
15562.0 0.8858023000
15564.0 0.8847221000
15566.0 0.8839767600
15568.0 0.8825879000
15570.0 0.8814163000
15572.0 0.8791753600
15574.0 0.8778244000
15576.0 0.8765709000
15578.0 0.8757940500
15580.0 0.8741045600
15582.0 0.8725349000
15584.0 0.8724905000
15586.0 0.8715927000
15588.0 0.8703518000
15590.0 0.8688294000
15592.0 0.8668930500
15594.0 0.8661551000
15596.0 0.8661356600
15598.0 0.8651197000
15600.0 0.8640362600
15602.0 0.8626557000
15604.0 0.8626797000
15606.0 0.8623903400
15608.0 0.8605959000
15610.0 0.8592686700
15612.0 0.8587162500
15614.0 0.8590553000
15616.0 0.8572613600
15618.0 0.8572481000
15620.0 0.8571930500
15622.0 0.8562169000
15624.0 0.8555190600
15626.0 0.8550151600
15628.0 0.8554833000
15630.0 0.8550563000
15632.0 0.8552169000
15634.0 0.8551346700
15636.0 0.8544938600
15638.0 0.8540587000
15640.0 0.8541785000
15642.0 0.8538537000
15644.0 0.8549393400
15646.0 0.8545129000
15648.0 0.8546650400
15650.0 0.8541022500
15652.0 0.8540954000
15654.0 0.8550742000
15656.0 0.8545935000
15658.0 0.8553179000
15660.0 0.8553243000
15662.0 0.8562782000
15664.0 0.8564586600
15666.0 0.8565554000
15668.0 0.8566657000
15670.0 0.8575136000
15672.0 0.8579837700
15674.0 0.8578555600
15676.0 0.8583382400
15678.0 0.8606621000
15680.0 0.8598619000
15682.0 0.8603290300
15684.0 0.8616416500
15686.0 0.8615266700
15688.0 0.8625572000
15690.0 0.8626990300
15692.0 0.8628802000
15694.0 0.8651553000
15696.0 0.8653503700
15698.0 0.8658705400
15700.0 0.8667505400
15702.0 0.8678146600
15704.0 0.8679527000
15706.0 0.8676665000
15708.0 0.8694831000
15710.0 0.8708778600
15712.0 0.8720253000
15714.0 0.8721757000
15716.0 0.8725266500
15718.0 0.8735311600
15720.0 0.8743622300
15722.0 0.8750406000
15724.0 0.8768916000
15726.0 0.8764124500
15728.0 0.8770770400
15730.0 0.8788010000
15732.0 0.8790920000
15734.0 0.8800324000
15736.0 0.8808520400
15738.0 0.8809029500
15740.0 0.8812897000
15742.0 0.8826994300
15744.0 0.8837024600
15746.0 0.8835662600
15748.0 0.8852702400
15750.0 0.8852395000
15752.0 0.8866893600
15754.0 0.8863787000
15756.0 0.8873169400
15758.0 0.8870527000
15760.0 0.8880620000
15762.0 0.8890302000
15764.0 0.8890747000
15766.0 0.8889793000
15768.0 0.8903827700
15770.0 0.8904007000
15772.0 0.8909889500
15774.0 0.8914686000
15776.0 0.8932012300
15778.0 0.8933233000
15780.0 0.8933357000
15782.0 0.8939971300
15784.0 0.8935026000
15786.0 0.8942193400
15788.0 0.8953869300
15790.0 0.8953497000
15792.0 0.8957584000
15794.0 0.8962101000
15796.0 0.8971506000
15798.0 0.8971312600
15800.0 0.8978928300
15802.0 0.8982953400
15804.0 0.8987987000
15806.0 0.8995050000
15808.0 0.8996327000
15810.0 0.9003589000
15812.0 0.9003219000
15814.0 0.9006573600
15816.0 0.9021666600
15818.0 0.9013835000
15820.0 0.9028554000
15822.0 0.9020717000
15824.0 0.9026577500
15826.0 0.9032558000
15828.0 0.9031881700
15830.0 0.9034325500
15832.0 0.9040679300
15834.0 0.9042163000
15836.0 0.9054747000
15838.0 0.9051158400
15840.0 0.9063852400
15842.0 0.9066680000
15844.0 0.9069924400
15846.0 0.9079396000
15848.0 0.9083451000
15850.0 0.9085190000
15852.0 0.9086029000
15854.0 0.9095973400
15856.0 0.9107585000
15858.0 0.9105648000
15860.0 0.9099605000
15862.0 0.9130265000
15864.0 0.9126586300
15866.0 0.9127597000
15868.0 0.9132348000
15870.0 0.9147246500
15872.0 0.9151774600
15874.0 0.9154961000
15876.0 0.9161162400
15878.0 0.9168575000
15880.0 0.9171845300
15882.0 0.9176855700
15884.0 0.9203842000
15886.0 0.9188283700
15888.0 0.9207147400
15890.0 0.9218588500
15892.0 0.9203641000
15894.0 0.9214752300
15896.0 0.9223199000
15898.0 0.9232226600
15900.0 0.9240914000
15902.0 0.9252651000
15904.0 0.9264191000
15906.0 0.9269128000
15908.0 0.9283365600
15910.0 0.9282043000
15912.0 0.9286438000
15914.0 0.9292429000
15916.0 0.9306999400
15918.0 0.9320341300
15920.0 0.9331139300
15922.0 0.9329224000
15924.0 0.9331580000
15926.0 0.9340579500
15928.0 0.9354740400
15930.0 0.9366481300
15932.0 0.9362333400
15934.0 0.9367654000
15936.0 0.9384935500
15938.0 0.9387277400
15940.0 0.9401401000
15942.0 0.9406123000
15944.0 0.9420049000
15946.0 0.9402152000
15948.0 0.9416595700
15950.0 0.9425369500
15952.0 0.9437927000
15954.0 0.9440703000
15956.0 0.9437139600
15958.0 0.9457046400
15960.0 0.9469493600
15962.0 0.9459418700
15964.0 0.9481494400
15966.0 0.9480980600
15968.0 0.9476052000
15970.0 0.9482559000
15972.0 0.9492785000
15974.0 0.9492089000
15976.0 0.9495557500
15978.0 0.9521372000
15980.0 0.9502839400
15982.0 0.9514971400
15984.0 0.9544650000
15986.0 0.9522527500
15988.0 0.9530158000
15990.0 0.9533953000
15992.0 0.9539944000
15994.0 0.9540231000
15996.0 0.9540701500
15998.0 0.9545517000
16000.0 0.9541834000
16002.0 0.9549774000
16004.0 0.9542617000
16006.0 0.9568333600
16008.0 0.9558975700
16010.0 0.9560336500
16012.0 0.9550065400
16014.0 0.9560051000
16016.0 0.9562613000
16018.0 0.9564579000
16020.0 0.9566232600
16022.0 0.9564395000
16024.0 0.9574456000
16026.0 0.9566787500
16028.0 0.9567162000
16030.0 0.9575566000
16032.0 0.9565688000
16034.0 0.9573203300
16036.0 0.9570618000
16038.0 0.9568054700
16040.0 0.9569152600
16042.0 0.9572038000
16044.0 0.9572249000
16046.0 0.9567039600
16048.0 0.9568794000
16050.0 0.9566499600
16052.0 0.9567956300
16054.0 0.9565708000
16056.0 0.9561842000
16058.0 0.9554802000
16060.0 0.9559477000
16062.0 0.9572779000
16064.0 0.9564829500
16066.0 0.9553396000
16068.0 0.9558338000
16070.0 0.9550726400
16072.0 0.9550224500
16074.0 0.9562498000
16076.0 0.9554798600
16078.0 0.9550967000
16080.0 0.9560365000
16082.0 0.9552682600
16084.0 0.9540680000
16086.0 0.9536679000
16088.0 0.9544268000
16090.0 0.9551319000
16092.0 0.9543487000
16094.0 0.9536752000
16096.0 0.9537587000
16098.0 0.9546702500
16100.0 0.9535488000
16102.0 0.9535365000
16104.0 0.9539918000
16106.0 0.9539159500
16108.0 0.9530167600
16110.0 0.9524489000
16112.0 0.9538628000
16114.0 0.9528021000
16116.0 0.9531297000
16118.0 0.9535802600
16120.0 0.9519908400
16122.0 0.9534496000
16124.0 0.9531591500
16126.0 0.9529995000
16128.0 0.9526304600
16130.0 0.9522651400
16132.0 0.9515854000
16134.0 0.9516994000
16136.0 0.9518152500
16138.0 0.9508686000
16140.0 0.9530495000
16142.0 0.9519090000
16144.0 0.9515129300
16146.0 0.9524311000
16148.0 0.9509508600
16150.0 0.9511489000
16152.0 0.9515925000
16154.0 0.9515304000
16156.0 0.9506397000
16158.0 0.9514068400
16160.0 0.9509775600
16162.0 0.9510005000
16164.0 0.9521754400
16166.0 0.9519239700
16168.0 0.9508503000
16170.0 0.9502885000
16172.0 0.9515617000
16174.0 0.9510026600
16176.0 0.9508985000
16178.0 0.9509527700
16180.0 0.9504299000
16182.0 0.9508568600
16184.0 0.9508745000
16186.0 0.9510774000
16188.0 0.9509172000
16190.0 0.9505213000
16192.0 0.9509122000
16194.0 0.9506680000
16196.0 0.9517888000
16198.0 0.9499996000
16200.0 0.9506768600
16202.0 0.9508531000
16204.0 0.9504540000
16206.0 0.9499915000
16208.0 0.9510243000
16210.0 0.9503853300
16212.0 0.9491117600
16214.0 0.9503248000
16216.0 0.9503978500
16218.0 0.9504495000
16220.0 0.9508225000
16222.0 0.9502743500
16224.0 0.9498027600
16226.0 0.9498452500
16228.0 0.9495908600
16230.0 0.9501124000
16232.0 0.9490197000
16234.0 0.9497003000
16236.0 0.9509552000
16238.0 0.9487068700
16240.0 0.9479004000
16242.0 0.9490871000
16244.0 0.9486353400
16246.0 0.9493285400
16248.0 0.9485584500
16250.0 0.9486244300
16252.0 0.9488215000
16254.0 0.9488485500
16256.0 0.9479285000
16258.0 0.9487881700
16260.0 0.9488995000
16262.0 0.9484935000
16264.0 0.9484262000
16266.0 0.9475400000
16268.0 0.9484458000
16270.0 0.9475157000
16272.0 0.9482064000
16274.0 0.9477176700
16276.0 0.9471411000
16278.0 0.9479016700
16280.0 0.9482425500
16282.0 0.9472405000
16284.0 0.9474022000
16286.0 0.9481289400
16288.0 0.9478645300
16290.0 0.9469273000
16292.0 0.9475049400
16294.0 0.9480959000
16296.0 0.9479868000
16298.0 0.9480297600
16300.0 0.9477284000
16302.0 0.9471926000
16304.0 0.9482627000
16306.0 0.9485345500
16308.0 0.9474177400
16310.0 0.9475191000
16312.0 0.9481722000
16314.0 0.9477898500
16316.0 0.9472613300
16318.0 0.9471896000
16320.0 0.9477731600
16322.0 0.9477532000
16324.0 0.9469805400
16326.0 0.9486538000
16328.0 0.9480192000
16330.0 0.9478401000
16332.0 0.9478808600
16334.0 0.9479067000
16336.0 0.9478365000
16338.0 0.9481890000
16340.0 0.9484435000
16342.0 0.9487797000
16344.0 0.9494725000
16346.0 0.9474166600
16348.0 0.9485565400
16350.0 0.9490611600
16352.0 0.9487474600
16354.0 0.9491121000
16356.0 0.9492281000
16358.0 0.9490204500
16360.0 0.9488522000
16362.0 0.9492739000
16364.0 0.9487951400
16366.0 0.9496444500
16368.0 0.9497602600
16370.0 0.9500553600
16372.0 0.9509918000
16374.0 0.9503462300
16376.0 0.9502548000
16378.0 0.9490258700
16380.0 0.9509628000
16382.0 0.9511661500
16384.0 0.9516537000
16386.0 0.9515013700
16388.0 0.9515455400
16390.0 0.9515000000
16392.0 0.9519623000
16394.0 0.9515701500
16396.0 0.9516120000
16398.0 0.9527906000
16400.0 0.9526438000
16402.0 0.9525612000
16404.0 0.9521887000
16406.0 0.9520326000
16408.0 0.9531106400
16410.0 0.9529247000
16412.0 0.9528454500
16414.0 0.9534723000
16416.0 0.9537805300
16418.0 0.9534333000
16420.0 0.9528965000
16422.0 0.9535931000
16424.0 0.9541831000
16426.0 0.9530373000
16428.0 0.9530433400
16430.0 0.9536168000
16432.0 0.9547785000
16434.0 0.9534165000
16436.0 0.9533501000
16438.0 0.9537973000
16440.0 0.9544977000
16442.0 0.9545525000
16444.0 0.9542803000
16446.0 0.9539523000
16448.0 0.9545216600
16450.0 0.9547757500
16452.0 0.9552284500
16454.0 0.9547502400
16456.0 0.9532890300
16458.0 0.9532291000
16460.0 0.9536789000
16462.0 0.9536135000
16464.0 0.9547958000
16466.0 0.9530631000
16468.0 0.9543054000
16470.0 0.9537119000
16472.0 0.9539085600
16474.0 0.9537939000
16476.0 0.9536035700
16478.0 0.9536779000
16480.0 0.9534136000
16482.0 0.9533022000
16484.0 0.9531498000
16486.0 0.9538520000
16488.0 0.9527986000
16490.0 0.9530750500
16492.0 0.9523748000
16494.0 0.9509337000
16496.0 0.9522994000
16498.0 0.9517801400
16500.0 0.9515769500
16502.0 0.9506405600
16504.0 0.9514051700
16506.0 0.9506568300
16508.0 0.9506455000
16510.0 0.9502834000
16512.0 0.9511854000
16514.0 0.9498764000
16516.0 0.9509789000
16518.0 0.9500692500
16520.0 0.9490400000
16522.0 0.9502033000
16524.0 0.9491671000
16526.0 0.9490542000
16528.0 0.9490835000
16530.0 0.9484872000
16532.0 0.9482395600
16534.0 0.9490940600
16536.0 0.9483918500
16538.0 0.9483599700
16540.0 0.9469239000
16542.0 0.9462436000
16544.0 0.9464286600
16546.0 0.9466852000
16548.0 0.9473080600
16550.0 0.9470801000
16552.0 0.9464454000
16554.0 0.9468385600
16556.0 0.9458387000
16558.0 0.9462634300
16560.0 0.9452689000
16562.0 0.9450893400
16564.0 0.9454566000
16566.0 0.9443431000
16568.0 0.9446394400
16570.0 0.9447954000
16572.0 0.9446489000
16574.0 0.9454216000
16576.0 0.9447392000
16578.0 0.9440391700
16580.0 0.9446688000
16582.0 0.9444741000
16584.0 0.9445874700
16586.0 0.9437256500
16588.0 0.9435329400
16590.0 0.9435650000
16592.0 0.9443439000
16594.0 0.9428550000
16596.0 0.9432227600
16598.0 0.9440176500
16600.0 0.9422714000
16602.0 0.9439395700
16604.0 0.9433883400
16606.0 0.9432277700
16608.0 0.9435351000
16610.0 0.9433063000
16612.0 0.9430981000
16614.0 0.9437540000
16616.0 0.9436043000
16618.0 0.9434086700
16620.0 0.9438598000
16622.0 0.9430408000
16624.0 0.9433232000
16626.0 0.9434581000
16628.0 0.9421421000
16630.0 0.9435541600
16632.0 0.9435040000
16634.0 0.9433935000
16636.0 0.9424801000
16638.0 0.9441414000
16640.0 0.9441044300
16642.0 0.9435105300
16644.0 0.9431746600
16646.0 0.9432509500
16648.0 0.9440474500
16650.0 0.9428860000
16652.0 0.9432297000
16654.0 0.9435608400
16656.0 0.9431913500
16658.0 0.9441774500
16660.0 0.9436618000
16662.0 0.9433651000
16664.0 0.9437269600
16666.0 0.9433888000
16668.0 0.9434386500
16670.0 0.9438327000
16672.0 0.9436714600
16674.0 0.9433902000
16676.0 0.9436732000
16678.0 0.9439065500
16680.0 0.9434719000
16682.0 0.9420563000
16684.0 0.9435738300
16686.0 0.9427351000
16688.0 0.9435001600
16690.0 0.9432782000
16692.0 0.9423202000
16694.0 0.9428006000
16696.0 0.9431636300
16698.0 0.9427984400
16700.0 0.9424149000
16702.0 0.9418908000
16704.0 0.9426989600
16706.0 0.9427201000
16708.0 0.9422864300
16710.0 0.9414657400
16712.0 0.9414319000
16714.0 0.9410232300
16716.0 0.9407999500
16718.0 0.9404850600
16720.0 0.9412781600
16722.0 0.9410387000
16724.0 0.9395063500
16726.0 0.9392164300
16728.0 0.9398991000
16730.0 0.9388857500
16732.0 0.9384281600
16734.0 0.9375189000
16736.0 0.9380531000
16738.0 0.9375062000
16740.0 0.9372911000
16742.0 0.9366005700
16744.0 0.9366867500
16746.0 0.9356624500
16748.0 0.9355453000
16750.0 0.9350788000
16752.0 0.9349550600
16754.0 0.9343140000
16756.0 0.9328347000
16758.0 0.9321055400
16760.0 0.9326185000
16762.0 0.9329232000
16764.0 0.9306042000
16766.0 0.9316184500
16768.0 0.9300837000
16770.0 0.9302630400
16772.0 0.9283397000
16774.0 0.9285193700
16776.0 0.9286468600
16778.0 0.9277277600
16780.0 0.9266874000
16782.0 0.9265298000
16784.0 0.9238545000
16786.0 0.9247301000
16788.0 0.9245380000
16790.0 0.9233549000
16792.0 0.9238208500
16794.0 0.9217684000
16796.0 0.9231354000
16798.0 0.9208463400
16800.0 0.9194669000
16802.0 0.9198143500
16804.0 0.9196744000
16806.0 0.9185342000
16808.0 0.9177098000
16810.0 0.9172703000
16812.0 0.9169079700
16814.0 0.9162540400
16816.0 0.9159820700
16818.0 0.9145539000
16820.0 0.9133946300
16822.0 0.9128851000
16824.0 0.9124503000
16826.0 0.9130771000
16828.0 0.9114982000
16830.0 0.9111950400
16832.0 0.9104887000
16834.0 0.9107293000
16836.0 0.9093123700
16838.0 0.9082165000
16840.0 0.9087011000
16842.0 0.9073176000
16844.0 0.9074517000
16846.0 0.9060873400
16848.0 0.9059781400
16850.0 0.9066232400
16852.0 0.9050165000
16854.0 0.9047106000
16856.0 0.9039069000
16858.0 0.9038791000
16860.0 0.9034693000
16862.0 0.9028380500
16864.0 0.9027260500
16866.0 0.9017876000
16868.0 0.9016394000
16870.0 0.9005312300
16872.0 0.9014609000
16874.0 0.9012518500
16876.0 0.9003871700
16878.0 0.8991127600
16880.0 0.8987805000
16882.0 0.8993209000
16884.0 0.8979171500
16886.0 0.9002011000
16888.0 0.8993633000
16890.0 0.8983399000
16892.0 0.8986811600
16894.0 0.8969936000
16896.0 0.8973893000
16898.0 0.8988091300
16900.0 0.8976893400
16902.0 0.8978920600
16904.0 0.8964348000
16906.0 0.8965006500
16908.0 0.8974517600
16910.0 0.8968732000
16912.0 0.8966774000
16914.0 0.8955419700
16916.0 0.8961788400
16918.0 0.8963501000
16920.0 0.8970092500
16922.0 0.8959165000
16924.0 0.8962695600
16926.0 0.8969158000
16928.0 0.8965896000
16930.0 0.8968800300
16932.0 0.8973850000
16934.0 0.8963280000
16936.0 0.8968915300
16938.0 0.8979893300
16940.0 0.8974843000
16942.0 0.8973560000
16944.0 0.8976050600
16946.0 0.8969157300
16948.0 0.8975906000
16950.0 0.8977096000
16952.0 0.8967497300
16954.0 0.8977140000
16956.0 0.8979329500
16958.0 0.8973114500
16960.0 0.8985235000
16962.0 0.8976996500
16964.0 0.8986378000
16966.0 0.8987192000
16968.0 0.8990950600
16970.0 0.8996875000
16972.0 0.8992776000
16974.0 0.8994922600
16976.0 0.8989435000
16978.0 0.8999917000
16980.0 0.8998833300
16982.0 0.8999719000
16984.0 0.9000938000
16986.0 0.9005087000
16988.0 0.9003653500
16990.0 0.9011652000
16992.0 0.8998996600
16994.0 0.9017299400
16996.0 0.9012697000
16998.0 0.9007935500
17000.0 0.9009454000
17002.0 0.9024640000
17004.0 0.9018035000
17006.0 0.9016696000
17008.0 0.9019671000
17010.0 0.9029748000
17012.0 0.9020984000
17014.0 0.9020703000
17016.0 0.9029862000
17018.0 0.9023838600
17020.0 0.9028700000
17022.0 0.9025573000
17024.0 0.9037091000
17026.0 0.9036224000
17028.0 0.9033710400
17030.0 0.9032798000
17032.0 0.9040291300
17034.0 0.9030907000
17036.0 0.9041039000
17038.0 0.9042162000
17040.0 0.9028367400
17042.0 0.9044192000
17044.0 0.9034731000
17046.0 0.9035824000
17048.0 0.9038025000
17050.0 0.9049074000
17052.0 0.9050209500
17054.0 0.9042516400
17056.0 0.9039840000
17058.0 0.9040638000
17060.0 0.9042318500
17062.0 0.9040732000
17064.0 0.9038343000
17066.0 0.9040033000
17068.0 0.9051354000
17070.0 0.9042709000
17072.0 0.9038763600
17074.0 0.9052017300
17076.0 0.9042606000
17078.0 0.9028399600
17080.0 0.9052259300
17082.0 0.9051930000
17084.0 0.9042631000
17086.0 0.9046679000
17088.0 0.9040491600
17090.0 0.9041250300
17092.0 0.9046822000
17094.0 0.9037137600
17096.0 0.9038135000
17098.0 0.9043863400
17100.0 0.9048265000
17102.0 0.9052281400
17104.0 0.9029715700
17106.0 0.9044198000
17108.0 0.9046581400
17110.0 0.9038731000
17112.0 0.9032377600
17114.0 0.9054926000
17116.0 0.9048817000
17118.0 0.9039104000
17120.0 0.9044621000
17122.0 0.9044850000
17124.0 0.9040389000
17126.0 0.9039658300
17128.0 0.9050111000
17130.0 0.9030868400
17132.0 0.9052113000
17134.0 0.9039357000
17136.0 0.9039731600
17138.0 0.9037882000
17140.0 0.9046100400
17142.0 0.9041509000
17144.0 0.9042555000
17146.0 0.9052059700
17148.0 0.9048216300
17150.0 0.9032808000
17152.0 0.9047110000
17154.0 0.9044201400
17156.0 0.9048517300
17158.0 0.9046270000
17160.0 0.9052728400
17162.0 0.9045927000
17164.0 0.9057821600
17166.0 0.9048356000
17168.0 0.9049912000
17170.0 0.9053905000
17172.0 0.9052288500
17174.0 0.9053325000
17176.0 0.9058281000
17178.0 0.9059254000
17180.0 0.9066099000
17182.0 0.9065445000
17184.0 0.9058426000
17186.0 0.9059521000
17188.0 0.9058388000
17190.0 0.9070633600
17192.0 0.9066061000
17194.0 0.9073801600
17196.0 0.9071303600
17198.0 0.9073655000
17200.0 0.9074081000
17202.0 0.9076348000
17204.0 0.9078640000
17206.0 0.9078181400
17208.0 0.9073490000
17210.0 0.9086446000
17212.0 0.9089204700
17214.0 0.9074786300
17216.0 0.9087735000
17218.0 0.9090667000
17220.0 0.9087782500
17222.0 0.9088355000
17224.0 0.9096908600
17226.0 0.9088868000
17228.0 0.9084753000
17230.0 0.9097505000
17232.0 0.9101641000
17234.0 0.9094900500
17236.0 0.9085343000
17238.0 0.9098123300
17240.0 0.9090116000
17242.0 0.9096271400
17244.0 0.9094301000
17246.0 0.9099913000
17248.0 0.9098419000
17250.0 0.9100047000
17252.0 0.9097609000
17254.0 0.9101533000
17256.0 0.9091401700
17258.0 0.9093231000
17260.0 0.9098435000
17262.0 0.9088393000
17264.0 0.9101249600
17266.0 0.9089214000
17268.0 0.9087814000
17270.0 0.9091734000
17272.0 0.9088769600
17274.0 0.9081195000
17276.0 0.9083044000
17278.0 0.9079254000
17280.0 0.9086961000
17282.0 0.9079063000
17284.0 0.9082390000
17286.0 0.9074911000
17288.0 0.9066895000
17290.0 0.9072507600
17292.0 0.9068014600
17294.0 0.9068900300
17296.0 0.9056117500
17298.0 0.9054108000
17300.0 0.9048950700
17302.0 0.9047215000
17304.0 0.9041778400
17306.0 0.9032615000
17308.0 0.9031453000
17310.0 0.9030742000
17312.0 0.9027071600
17314.0 0.9012509000
17316.0 0.9016630600
17318.0 0.9018509000
17320.0 0.9006667000
17322.0 0.8995571000
17324.0 0.8997753000
17326.0 0.9001586400
17328.0 0.9000931400
17330.0 0.8978179000
17332.0 0.8973472000
17334.0 0.8975242400
17336.0 0.8965822500
17338.0 0.8958444000
17340.0 0.8967294000
17342.0 0.8946358000
17344.0 0.8944990000
17346.0 0.8941882000
17348.0 0.8936488600
17350.0 0.8935212500
17352.0 0.8930771400
17354.0 0.8917091000
17356.0 0.8909884000
17358.0 0.8915032000
17360.0 0.8908251000
17362.0 0.8902738700
17364.0 0.8897320000
17366.0 0.8882645400
17368.0 0.8876514000
17370.0 0.8876105500
17372.0 0.8879368300
17374.0 0.8867947000
17376.0 0.8861462500
17378.0 0.8856569500
17380.0 0.8850604000
17382.0 0.8851170500
17384.0 0.8849811000
17386.0 0.8838240000
17388.0 0.8835436000
17390.0 0.8827507000
17392.0 0.8829626400
17394.0 0.8818203000
17396.0 0.8822656000
17398.0 0.8810811000
17400.0 0.8820804400
17402.0 0.8805946000
17404.0 0.8807316400
17406.0 0.8808123000
17408.0 0.8797608000
17410.0 0.8802323300
17412.0 0.8791404000
17414.0 0.8793317700
17416.0 0.8787923500
17418.0 0.8790881600
17420.0 0.8785209000
17422.0 0.8783558600
17424.0 0.8783423000
17426.0 0.8783687400
17428.0 0.8784895500
17430.0 0.8786194300
17432.0 0.8780852000
17434.0 0.8787938000
17436.0 0.8789029000
17438.0 0.8786912000
17440.0 0.8787023400
17442.0 0.8778788000
17444.0 0.8795578500
17446.0 0.8773958000
17448.0 0.8793331400
17450.0 0.8799376500
17452.0 0.8793174600
17454.0 0.8798342300
17456.0 0.8799705500
17458.0 0.8804369600
17460.0 0.8804375000
17462.0 0.8810839000
17464.0 0.8815348000
17466.0 0.8807829000
17468.0 0.8822907000
17470.0 0.8826830400
17472.0 0.8824700000
17474.0 0.8828582000
17476.0 0.8829902000
17478.0 0.8840505500
17480.0 0.8838642000
17482.0 0.8849469000
17484.0 0.8860237000
17486.0 0.8863189000
17488.0 0.8867478400
17490.0 0.8870928000
17492.0 0.8879406000
17494.0 0.8881810000
17496.0 0.8892955000
17498.0 0.8899025000
17500.0 0.8908514400
17502.0 0.8920976500
17504.0 0.8919021000
17506.0 0.8926129300
17508.0 0.8936904700
17510.0 0.8935519500
17512.0 0.8938603400
17514.0 0.8950016500
17516.0 0.8951165700
17518.0 0.8956384000
17520.0 0.8959753000
17522.0 0.8967231500
17524.0 0.8976983000
17526.0 0.8994596000
17528.0 0.8990653000
17530.0 0.9001675000
17532.0 0.8995786000
17534.0 0.8996860400
17536.0 0.9003570000
17538.0 0.9010430000
17540.0 0.9018678000
17542.0 0.9020750000
17544.0 0.9023805000
17546.0 0.9031532000
17548.0 0.9036156500
17550.0 0.9038866000
17552.0 0.9040816400
17554.0 0.9046353700
17556.0 0.9049781600
17558.0 0.9055941000
17560.0 0.9059735000
17562.0 0.9058772000
17564.0 0.9069531000
17566.0 0.9066586500
17568.0 0.9064711000
17570.0 0.9068928000
17572.0 0.9071824000
17574.0 0.9072708000
17576.0 0.9075088000
17578.0 0.9071260000
17580.0 0.9066694400
17582.0 0.9070800500
17584.0 0.9063948000
17586.0 0.9057341000
17588.0 0.9061811600
17590.0 0.9069752700
17592.0 0.9056252000
17594.0 0.9053721000
17596.0 0.9053892500
17598.0 0.9042747600
17600.0 0.9049166000
17602.0 0.9036292400
17604.0 0.9043965300
17606.0 0.9030052400
17608.0 0.9045063000
17610.0 0.9032097500
17612.0 0.9018100000
17614.0 0.9013757000
17616.0 0.9011644000
17618.0 0.9009824400
17620.0 0.8998548400
17622.0 0.8988071700
17624.0 0.8982689400
17626.0 0.8973740300
17628.0 0.8967963500
17630.0 0.8954114300
17632.0 0.8945343500
17634.0 0.8935386000
17636.0 0.8931107500
17638.0 0.8919390000
17640.0 0.8916386000
17642.0 0.8908006500
17644.0 0.8903867600
17646.0 0.8892847300
17648.0 0.8881794000
17650.0 0.8873718400
17652.0 0.8866671000
17654.0 0.8859846000
17656.0 0.8852388000
17658.0 0.8844595600
17660.0 0.8835380700
17662.0 0.8825853500
17664.0 0.8822914400
17666.0 0.8809319000
17668.0 0.8801437600
17670.0 0.8795360000
17672.0 0.8776203400
17674.0 0.8775012500
17676.0 0.8775733000
17678.0 0.8748482000
17680.0 0.8754040600
17682.0 0.8744063400
17684.0 0.8733515000
17686.0 0.8727453400
17688.0 0.8721559000
17690.0 0.8712376400
17692.0 0.8717102000
17694.0 0.8711275500
17696.0 0.8706893300
17698.0 0.8686158000
17700.0 0.8702410000
17702.0 0.8687952000
17704.0 0.8691139000
17706.0 0.8688990000
17708.0 0.8681751500
17710.0 0.8678558000
17712.0 0.8678849000
17714.0 0.8680095700
17716.0 0.8669532500
17718.0 0.8677752000
17720.0 0.8680449000
17722.0 0.8675645600
17724.0 0.8682768000
17726.0 0.8686645600
17728.0 0.8681153700
17730.0 0.8693273700
17732.0 0.8706481500
17734.0 0.8713547000
17736.0 0.8709786000
17738.0 0.8719582600
17740.0 0.8721108400
17742.0 0.8731155000
17744.0 0.8743325000
17746.0 0.8744098500
17748.0 0.8758558000
17750.0 0.8774435000
17752.0 0.8789727700
17754.0 0.8803847400
17756.0 0.8810508000
17758.0 0.8828650000
17760.0 0.8841836000
17762.0 0.8855554500
17764.0 0.8872182000
17766.0 0.8892100000
17768.0 0.8918822000
17770.0 0.8926735000
17772.0 0.8947197000
17774.0 0.8971556000
17776.0 0.8978585600
17778.0 0.9002871500
17780.0 0.9026481500
17782.0 0.9048554000
17784.0 0.9085480600
17786.0 0.9099142000
17788.0 0.9126867700
17790.0 0.9144133000
17792.0 0.9164429000
17794.0 0.9178234300
17796.0 0.9204753600
17798.0 0.9204339000
17800.0 0.9270140000
17802.0 0.9279358400
17804.0 0.9316898600
17806.0 0.9335434000
17808.0 0.9356978500
17810.0 0.9375558500
17812.0 0.9405107000
17814.0 0.9426973000
17816.0 0.9444883500
17818.0 0.9472019000
17820.0 0.9504798000
17822.0 0.9512999700
17824.0 0.9527624000
17826.0 0.9527853000
17828.0 0.9553801000
17830.0 0.9574432000
17832.0 0.9583180000
17834.0 0.9588897000
17836.0 0.9598499500
17838.0 0.9608270500
17840.0 0.9603599300
17842.0 0.9593105000
17844.0 0.9600491500
17846.0 0.9592771000
17848.0 0.9566989000
17850.0 0.9572010600
17852.0 0.9538582600
17854.0 0.9501918600
17856.0 0.9488208000
17858.0 0.9465158000
17860.0 0.9422108000
17862.0 0.9385395600
17864.0 0.9353975000
17866.0 0.9326645000
17868.0 0.9212736500
17870.0 0.9160160000
17872.0 0.9085433500
17874.0 0.9019077000
17876.0 0.8923430400
17878.0 0.8853635000
17880.0 0.8769689000
17882.0 0.8682477500
17884.0 0.8562519000
17886.0 0.8444698500
17888.0 0.8350110700
17890.0 0.8221462000
17892.0 0.8091919400
17894.0 0.7964148000
17896.0 0.7867400600
17898.0 0.7698863000
17900.0 0.7589204300
17902.0 0.7405050400
17904.0 0.7279955000
17906.0 0.7023501400
17908.0 0.6900484600
17910.0 0.6788462000
17912.0 0.6657181000
17914.0 0.6499941000
17916.0 0.6331940000
17918.0 0.6306839600
17920.0 0.6010302300
17922.0 0.5747222000
17924.0 0.5680225500
17926.0 0.5456413600
17928.0 0.5363943000
17930.0 0.5229467000
17932.0 0.5124084400
17934.0 0.4926855600
17936.0 0.4877611000
17938.0 0.4585037500
17940.0 0.4473248400
17942.0 0.4290065800
17944.0 0.4154992400
17946.0 0.4013647000
17948.0 0.3904801300
17950.0 0.3801945400
17952.0 0.3633831000
17954.0 0.3467333300
17956.0 0.3362107600
17958.0 0.3216745300
17960.0 0.3057321000
17962.0 0.2987190800
17964.0 0.2901963000
17966.0 0.2775562700
17968.0 0.2677776800
17970.0 0.2585753500
17972.0 0.2489633700
17974.0 0.2305646800
17976.0 0.2284333100
17978.0 0.2175995300
17980.0 0.2122155400
17982.0 0.2052279100
17984.0 0.2005268300
17986.0 0.1905540500
17988.0 0.1891022900
17990.0 0.1730585500
17992.0 0.1629924800
17994.0 0.1607378100
17996.0 0.1560376300
17998.0 0.1487847900
18000.0 0.1453536200
18002.0 0.1414798300
18004.0 0.1360527700
18006.0 0.1268094800
18008.0 0.1220658600
18010.0 0.1170449260
18012.0 0.1130793700
18014.0 0.1081659500
18016.0 0.1043652800
18018.0 0.0996234200
18020.0 0.0972929750
18022.0 0.0929318140
18024.0 0.0890975450
18026.0 0.0839956100
18028.0 0.0817418400
18030.0 0.0811574700
18032.0 0.0766312600
18034.0 0.0749267200
18036.0 0.0711351200
18038.0 0.0678922760
18040.0 0.0656866000
18042.0 0.0634982140
18044.0 0.0596800930
18046.0 0.0592196840
18048.0 0.0570960160
18050.0 0.0551743660
18052.0 0.0548611170
18054.0 0.0497044100
18056.0 0.0513464400
18058.0 0.0481886980
18060.0 0.0437580460
18062.0 0.0432991000
18064.0 0.0416436300
18066.0 0.0409215800
18068.0 0.0406545360
18070.0 0.0393203400
18072.0 0.0364734230
18074.0 0.0366543600
18076.0 0.0345069100
18078.0 0.0330437350
18080.0 0.0319758060
18082.0 0.0314666850
18084.0 0.0296086430
18086.0 0.0285680030
18088.0 0.0276261510
18090.0 0.0266296710
18092.0 0.0242479500
18094.0 0.0256290160
18096.0 0.0242909900
18098.0 0.0228260700
18100.0 0.0220330130
18102.0 0.0221322100
18104.0 0.0218822360
18106.0 0.0211380890
18108.0 0.0211131200
18110.0 0.0186079610
18112.0 0.0173512660
18114.0 0.0174164550
18116.0 0.0173643770
18118.0 0.0164097210
18120.0 0.0163193960
18122.0 0.0159291720
18124.0 0.0156770390
18126.0 0.0148386860
18128.0 0.0132666660
18130.0 0.0143719725
18132.0 0.0152310060
18134.0 0.0129145980
18136.0 0.0122752840
18138.0 0.0120566540
18140.0 0.0126181300
18142.0 0.0118174230
18144.0 0.0111031770
18146.0 0.0102937990
18148.0 0.0100906820
18150.0 0.0092765470
18152.0 0.0101486180
18154.0 0.0109181250
18156.0 0.0087714970
18158.0 0.0088270170
18160.0 0.0093777610
18162.0 0.0092784270
18164.0 0.0076289754
18166.0 0.0077107570
18168.0 0.0075664534
18170.0 0.0078736390
18172.0 0.0072085800
18174.0 0.0068173828
18176.0 0.0065905260
18178.0 0.0068203644
18180.0 0.0064110067
18182.0 0.0064460933
18184.0 0.0065209810
18186.0 0.0059621230
18188.0 0.0058156140
18190.0 0.0050145830
18192.0 0.0047982820
18194.0 0.0059419507
18196.0 0.0056288675
18198.0 0.0055926470
18200.0 0.0049548154
18202.0 0.0044357446
18204.0 0.0043777316
18206.0 0.0042933477
18208.0 0.0033519045
18210.0 0.0051527563
18212.0 0.0049441110
18214.0 0.0044645644
18216.0 0.0039998475
18218.0 0.0035674990
18220.0 0.0040540810
18222.0 0.0040178974
18224.0 0.0033055781
18226.0 0.0037788954
18228.0 0.0044006407
18230.0 0.0026883436
18232.0 0.0031349836
18234.0 0.0027513346
18236.0 0.0033120730
18238.0 0.0028757960
18240.0 0.0036450536
18242.0 0.0020198640
18244.0 0.0031974528
18246.0 0.0034618976
18248.0 0.0026681402
18250.0 0.0032960507
18252.0 0.0028970180
18254.0 0.0024806885
18256.0 0.0026347027
18258.0 0.0023895872
18260.0 0.0034667335
18262.0 0.0020942990
18264.0 0.0013802603
18266.0 0.0028680412
18268.0 0.0012146762
18270.0 0.0014494776
18272.0 0.0011798677
18274.0 0.0021249137
18276.0 0.0019653070
18278.0 0.0015114603
18280.0 0.0022100867
18282.0 0.0018794652
18284.0 0.0016386478
18286.0 0.0013956014
18288.0 0.0018119152
18290.0 0.0014860869
18292.0 0.0012846270
18294.0 0.0013538660
18296.0 0.0010957190
18298.0 0.0027833404
18300.0 0.0014375676
18302.0 0.0011947767
18304.0 0.0018196285
18306.0 0.0017536734
18308.0 0.0006681752
18310.0 0.0014034937
18312.0 0.0014348190
18314.0 0.0010550264
18316.0 0.0012329156
18318.0 0.0016578363
18320.0 0.0005614505
18322.0 0.0018914920
18324.0 0.0012220216
18326.0 0.0010996892
18328.0 0.0007485648
18330.0 0.0008029099
18332.0 0.0010062483
18334.0 0.0016736961
18336.0 0.0003585011
18338.0 0.0009368694
18340.0 0.0020275202
18342.0 0.0010343279
18344.0 0.0004276768
18346.0 0.0000000000
