Age	M/Ms	Teff	L/Ls	g	R
0.001	0.0005	628	-5.37	2.65	12.25
0.001	0.001	942	-4.72	3	11.57
0.001	0.002	1285	-4.14	3.26	12.09
0.001	0.003	1553	-3.75	3.37	12.99
0.001	0.004	1747	-3.48	3.44	13.92
0.001	0.005	1901	-3.27	3.47	14.95
0.001	0.006	2004	-3.13	3.5	15.88
0.001	0.007	2098	-3	3.51	16.85
0.001	0.008	2159	-2.89	3.52	17.96
0.001	0.009	2207	-2.81	3.53	18.88
0.001	0.01	2251	-2.73	3.53	19.81
0.001	0.012	2321	-2.61	3.54	21.4
0.001	0.015	2400	-2.46	3.54	24.04
0.001	0.02	2484	-2.28	3.55	27.47
0.001	0.03	2598	-2.17	3.69	28.38
0.001	0.04	2746	-1.94	3.68	33.27
0.001	0.05	2768	-1.64	3.49	46.38
0.001	0.06	2824	-1.6	3.57	46.27
0.001	0.07	2853	-1.48	3.53	52.41
0.001	0.072	2858	-1.45	3.52	53.68
0.001	0.075	2833	-1.39	3.46	58.93
0.001	0.08	2869	-1.37	3.49	58.47
0.001	0.09	2867	-1.29	3.46	64.54
0.001	0.1	2856	-1.19	3.39	73.18
0.001	0.11	3023	-1.08	3.43	73.48
0.001	0.13	3072	-0.96	3.41	82.37
0.001	0.15	3120	-0.85	3.39	90.05
0.001	0.175	3163	-0.76	3.39	97.57
0.001	0.2	3193	-0.7	3.4	102.6
0.001	0.25	3242	-0.61	3.43	110.47
0.001	0.3	3281	-0.53	3.46	118.1
0.001	0.35	3318	-0.46	3.47	125.44
0.001	0.4	3357	-0.39	3.48	132.28
0.001	0.45	3388	-0.34	3.49	138.4
0.001	0.5	3427	-0.28	3.5	144.06
0.001	0.57	3485	-0.21	3.52	151.93
0.001	0.6	3507	-0.17	3.52	155.92
0.001	0.62	3525	-0.15	3.52	157.89
0.001	0.7	3593	-0.08	3.53	164.8
0.001	0.75	3632	-0.04	3.54	169.47
0.001	0.8	3670	0	3.55	173.8
0.001	0.85	3705	0.04	3.55	178.34
0.001	0.9	3752	0.03	3.61	171.83
0.001	0.95	3776	0.11	3.56	186.04
0.001	1	3810	0.13	3.58	187.82
0.001	1.05	3841	0.17	3.57	193.6
0.001	1.1	3871	0.21	3.57	197.99
0.001	1.15	3899	0.23	3.58	201.14
0.001	1.2	3978	0.28	3.58	203.89
0.001	1.3	4098	0.35	3.6	208.83
0.001	1.4	4197	0.42	3.6	214.98
0.002	0.0005	549	-5.67	2.71	11.32
0.002	0.001	814	-5.04	3.07	10.67
0.002	0.002	1125	-4.45	3.34	11
0.002	0.003	1352	-4.09	3.47	11.56
0.002	0.004	1551	-3.81	3.56	12.14
0.002	0.005	1716	-3.59	3.61	12.76
0.002	0.006	1849	-3.42	3.65	13.39
0.002	0.007	1954	-3.28	3.67	14.04
0.002	0.008	2047	-3.16	3.69	14.77
0.002	0.009	2119	-3.06	3.7	15.42
0.002	0.01	2172	-2.98	3.71	16.08
0.002	0.012	2264	-2.84	3.73	17.32
0.002	0.015	2368	-2.68	3.73	19.18
0.002	0.02	2477	-2.48	3.74	22
0.002	0.03	2609	-2.23	3.75	26.48
0.002	0.04	2747	-1.96	3.7	32.62
0.002	0.05	2790	-1.74	3.61	40.32
0.002	0.06	2828	-1.63	3.6	44.55
0.002	0.07	2858	-1.52	3.57	49.96
0.002	0.072	2864	-1.5	3.57	50.96
0.002	0.075	2865	-1.42	3.51	55.3
0.002	0.08	2884	-1.42	3.55	54.85
0.002	0.09	2904	-1.34	3.53	59.5
0.002	0.1	2884	-1.22	3.45	68.96
0.002	0.11	3014	-1.25	3.59	61.16
0.002	0.13	3045	-1.19	3.63	63.93
0.002	0.15	3080	-1.13	3.65	67.08
0.002	0.175	3122	-1.05	3.66	71.29
0.002	0.2	3162	-0.99	3.67	75.26
0.002	0.25	3245	-0.85	3.68	83.15
0.002	0.3	3313	-0.75	3.69	90.3
0.002	0.35	3369	-0.66	3.69	96.92
0.002	0.4	3416	-0.58	3.7	103.26
0.002	0.45	3460	-0.51	3.7	109.09
0.002	0.5	3497	-0.45	3.71	114.14
0.002	0.57	3552	-0.37	3.71	121.53
0.002	0.6	3574	-0.34	3.71	123.97
0.002	0.62	3588	-0.32	3.71	126.14
0.002	0.7	3645	-0.24	3.72	132.97
0.002	0.75	3679	-0.2	3.73	136.65
0.002	0.8	3711	-0.17	3.73	140.12
0.002	0.85	3745	-0.13	3.74	143.76
0.002	0.9	3780	-0.11	3.76	144.49
0.002	0.95	3808	-0.06	3.74	150.85
0.002	1	3842	-0.03	3.75	153.14
0.002	1.05	3873	0.01	3.75	157.89
0.002	1.1	3910	0.04	3.75	160.58
0.002	1.15	3998	0.09	3.76	163.06
0.002	1.2	4048	0.12	3.77	164.46
0.002	1.3	4136	0.18	3.78	168.42
0.002	1.4	4211	0.24	3.79	173.62
0.003	0.0005	501	-5.87	2.75	10.86
0.003	0.001	734	-5.26	3.1	10.23
0.003	0.002	1025	-4.65	3.38	10.49
0.003	0.003	1241	-4.29	3.52	10.93
0.003	0.004	1415	-4.03	3.62	11.34
0.003	0.005	1580	-3.8	3.68	11.79
0.003	0.006	1721	-3.62	3.72	12.27
0.003	0.007	1842	-3.46	3.76	12.77
0.003	0.008	1943	-3.34	3.78	13.29
0.003	0.009	2028	-3.23	3.79	13.86
0.003	0.01	2100	-3.14	3.81	14.35
0.003	0.012	2207	-2.99	3.83	15.43
0.003	0.015	2332	-2.81	3.84	16.96
0.003	0.02	2465	-2.58	3.84	19.64
0.003	0.03	2613	-2.24	3.77	25.96
0.003	0.04	2749	-1.98	3.72	31.79
0.003	0.05	2793	-1.77	3.63	39.23
0.003	0.06	2835	-1.69	3.66	41.57
0.003	0.07	2871	-1.6	3.66	44.82
0.003	0.072	2878	-1.59	3.67	45.3
0.003	0.075	2873	-1.47	3.56	52.07
0.003	0.08	2905	-1.54	3.68	46.96
0.003	0.09	2928	-1.49	3.69	49.11
0.003	0.1	2925	-1.31	3.56	60.17
0.003	0.11	3040	-1.42	3.77	49.59
0.003	0.13	3073	-1.34	3.79	53.09
0.003	0.15	3105	-1.27	3.8	56.33
0.003	0.175	3136	-1.19	3.8	60.6
0.003	0.2	3174	-1.11	3.81	64.38
0.003	0.25	3258	-0.98	3.82	71.23
0.003	0.3	3333	-0.86	3.82	77.79
0.003	0.35	3392	-0.77	3.82	83.88
0.003	0.4	3442	-0.69	3.82	89.38
0.003	0.45	3483	-0.62	3.83	94.42
0.003	0.5	3524	-0.56	3.83	99.24
0.003	0.57	3575	-0.48	3.83	105.65
0.003	0.6	3594	-0.45	3.83	108.34
0.003	0.62	3609	-0.43	3.84	109.61
0.003	0.7	3664	-0.35	3.84	116.09
0.003	0.75	3695	-0.31	3.84	119.3
0.003	0.8	3731	-0.27	3.85	122.87
0.003	0.85	3764	-0.23	3.85	126.01
0.003	0.9	3796	-0.21	3.86	128.06
0.003	0.95	3828	-0.16	3.85	132.88
0.003	1	3863	-0.13	3.86	134.87
0.003	1.05	3893	-0.1	3.86	138.28
0.003	1.1	3972	-0.04	3.86	141.37
0.003	1.15	4032	-0.01	3.87	142.79
0.003	1.2	4075	0.02	3.88	144.88
0.003	1.3	4156	0.08	3.89	149.16
0.003	1.4	4231	0.14	3.9	153.67
0.004	0.0005	473	-5.99	2.78	10.53
0.004	0.001	685	-5.4	3.12	9.99
0.004	0.002	957	-4.8	3.41	10.2
0.004	0.003	1160	-4.43	3.55	10.53
0.004	0.004	1327	-4.17	3.65	10.89
0.004	0.005	1490	-3.94	3.72	11.29
0.004	0.006	1626	-3.76	3.77	11.65
0.004	0.007	1750	-3.6	3.81	12.05
0.004	0.008	1858	-3.47	3.84	12.45
0.004	0.009	1951	-3.36	3.86	12.91
0.004	0.01	2029	-3.26	3.87	13.36
0.004	0.012	2152	-3.1	3.9	14.19
0.004	0.015	2294	-2.91	3.91	15.58
0.004	0.02	2456	-2.64	3.88	18.6
0.004	0.03	2615	-2.25	3.78	25.64
0.004	0.04	2751	-2.01	3.76	30.5
0.004	0.05	2798	-1.8	3.67	37.81
0.004	0.06	2854	-1.8	3.79	36.05
0.004	0.07	2895	-1.74	3.82	37.7
0.004	0.072	2902	-1.72	3.82	38.19
0.004	0.075	2891	-1.58	3.69	45.16
0.004	0.08	2925	-1.68	3.83	39.73
0.004	0.09	2951	-1.61	3.83	42.01
0.004	0.1	2957	-1.48	3.75	48.68
0.004	0.11	3065	-1.51	3.89	43.57
0.004	0.13	3105	-1.43	3.9	46.85
0.004	0.15	3130	-1.35	3.9	50.23
0.004	0.175	3162	-1.27	3.9	54.04
0.004	0.2	3197	-1.2	3.9	57.74
0.004	0.25	3270	-1.06	3.9	64.31
0.004	0.3	3340	-0.95	3.91	69.92
0.004	0.35	3400	-0.86	3.91	75.39
0.004	0.4	3452	-0.78	3.92	80.3
0.004	0.45	3492	-0.7	3.91	85.29
0.004	0.5	3533	-0.64	3.92	89.68
0.004	0.57	3584	-0.56	3.92	95.41
0.004	0.6	3604	-0.53	3.92	97.81
0.004	0.62	3619	-0.51	3.92	99.53
0.004	0.7	3674	-0.43	3.92	105.34
0.004	0.75	3703	-0.39	3.92	108.81
0.004	0.8	3740	-0.35	3.93	111.47
0.004	0.85	3773	-0.31	3.93	114.92
0.004	0.9	3806	-0.28	3.94	116.72
0.004	0.95	3841	-0.23	3.93	121.07
0.004	1	3878	-0.21	3.94	122.81
0.004	1.05	3928	-0.16	3.94	126.6
0.004	1.1	4014	-0.11	3.95	128.1
0.004	1.15	4057	-0.08	3.96	129.88
0.004	1.2	4098	-0.04	3.96	132.27
0.004	1.3	4180	0.02	3.97	136.71
0.004	1.4	4260	0.08	3.96	142.15
0.005	0.0005	455	-6.08	2.79	10.33
0.005	0.001	644	-5.52	3.14	9.79
0.005	0.002	901	-4.92	3.43	9.98
0.005	0.003	1098	-4.55	3.58	10.27
0.005	0.004	1263	-4.28	3.68	10.59
0.005	0.005	1413	-4.06	3.75	10.92
0.005	0.006	1543	-3.89	3.8	11.2
0.005	0.007	1668	-3.73	3.84	11.54
0.005	0.008	1786	-3.58	3.87	11.92
0.005	0.009	1885	-3.46	3.9	12.26
0.005	0.01	1965	-3.36	3.92	12.62
0.005	0.012	2102	-3.19	3.95	13.4
0.005	0.015	2264	-2.98	3.96	14.76
0.005	0.02	2452	-2.66	3.9	18.18
0.005	0.03	2616	-2.26	3.79	25.27
0.005	0.04	2754	-2.07	3.81	28.52
0.005	0.05	2806	-1.85	3.72	35.47
0.005	0.06	2875	-1.9	3.9	31.69
0.005	0.07	2916	-1.83	3.92	33.51
0.005	0.072	2921	-1.81	3.92	33.97
0.005	0.075	2912	-1.72	3.83	38.27
0.005	0.08	2946	-1.76	3.92	35.53
0.005	0.09	2974	-1.7	3.93	37.56
0.005	0.1	2983	-1.58	3.86	42.55
0.005	0.11	3094	-1.59	3.97	39.33
0.005	0.13	3130	-1.49	3.97	42.75
0.005	0.15	3163	-1.42	3.98	45.81
0.005	0.175	3198	-1.33	3.98	49.51
0.005	0.2	3225	-1.26	3.98	52.9
0.005	0.25	3287	-1.13	3.98	58.99
0.005	0.3	3345	-1.02	3.98	64.53
0.005	0.35	3402	-0.93	3.98	69.61
0.005	0.4	3455	-0.84	3.98	74.51
0.005	0.45	3495	-0.77	3.98	78.72
0.005	0.5	3538	-0.7	3.98	83.21
0.005	0.57	3588	-0.62	3.98	88.52
0.005	0.6	3608	-0.59	3.99	90.75
0.005	0.62	3623	-0.57	3.98	92.35
0.005	0.7	3678	-0.5	3.99	97.71
0.005	0.75	3709	-0.45	3.99	100.94
0.005	0.8	3745	-0.41	3.99	103.93
0.005	0.85	3779	-0.37	4	106.54
0.005	0.9	3815	-0.34	4	108.78
0.005	0.95	3852	-0.3	4	112.19
0.005	1	3890	-0.26	4.01	114.51
0.005	1.05	3977	-0.2	4	117.49
0.005	1.1	4035	-0.16	4.01	119.34
0.005	1.15	4078	-0.13	4.01	121.42
0.005	1.2	4122	-0.09	4.02	123.58
0.005	1.3	4209	-0.02	4.02	128.37
0.005	1.4	4303	0.05	4.01	134.15
0.006	0.0005	436	-6.17	2.81	10.14
0.006	0.001	614	-5.62	3.15	9.66
0.006	0.002	860	-5.02	3.44	9.83
0.006	0.003	1050	-4.65	3.59	10.08
0.006	0.004	1213	-4.37	3.69	10.38
0.006	0.005	1354	-4.16	3.77	10.65
0.006	0.006	1483	-3.98	3.83	10.9
0.006	0.007	1607	-3.82	3.87	11.21
0.006	0.008	1718	-3.68	3.9	11.5
0.006	0.009	1818	-3.56	3.93	11.79
0.006	0.01	1910	-3.45	3.96	12.11
0.006	0.012	2057	-3.27	3.98	12.84
0.006	0.015	2238	-3.03	3.99	14.21
0.006	0.02	2449	-2.68	3.92	17.91
0.006	0.03	2619	-2.28	3.81	24.79
0.006	0.04	2759	-2.16	3.91	25.6
0.006	0.05	2818	-1.95	3.83	31.29
0.006	0.06	2890	-1.98	3.98	28.8
0.006	0.07	2935	-1.9	4	30.6
0.006	0.072	2942	-1.88	4	31.01
0.006	0.075	2933	-1.8	3.93	34.22
0.006	0.08	2970	-1.82	4	32.62
0.006	0.09	2999	-1.75	4	34.5
0.006	0.1	3006	-1.65	3.95	38.65
0.006	0.11	3105	-1.65	4.04	36.5
0.006	0.13	3143	-1.55	4.04	39.66
0.006	0.15	3178	-1.47	4.04	42.72
0.006	0.175	3211	-1.38	4.04	46.14
0.006	0.2	3236	-1.31	4.03	49.56
0.006	0.25	3292	-1.18	4.04	55.28
0.006	0.3	3345	-1.08	4.04	60.49
0.006	0.35	3399	-0.98	4.04	65.31
0.006	0.4	3454	-0.9	4.04	69.93
0.006	0.45	3499	-0.82	4.03	74.24
0.006	0.5	3545	-0.76	4.04	78.03
0.006	0.57	3596	-0.68	4.04	83.03
0.006	0.6	3619	-0.64	4.04	85.13
0.006	0.62	3635	-0.62	4.04	86.58
0.006	0.7	3689	-0.55	4.04	91.64
0.006	0.75	3726	-0.5	4.05	94.59
0.006	0.8	3762	-0.46	4.05	97.41
0.006	0.85	3794	-0.42	4.05	100.4
0.006	0.9	3834	-0.38	4.06	102.47
0.006	0.95	3871	-0.34	4.05	105.77
0.006	1	3919	-0.3	4.05	108.31
0.006	1.05	4004	-0.24	4.06	110.69
0.006	1.1	4051	-0.2	4.06	112.89
0.006	1.15	4100	-0.17	4.06	114.79
0.006	1.2	4147	-0.13	4.06	117.31
0.006	1.3	4248	-0.05	4.06	122.39
0.006	1.4	4358	0.04	4.05	128.78
0.007	0.0005	421	-6.24	2.82	9.99
0.007	0.001	592	-5.69	3.16	9.55
0.007	0.002	825	-5.1	3.45	9.7
0.007	0.003	1007	-4.73	3.61	9.94
0.007	0.004	1164	-4.46	3.71	10.19
0.007	0.005	1300	-4.25	3.79	10.43
0.007	0.006	1430	-4.06	3.85	10.66
0.007	0.007	1555	-3.89	3.89	10.94
0.007	0.008	1665	-3.75	3.93	11.2
0.007	0.009	1766	-3.63	3.96	11.46
0.007	0.01	1860	-3.52	3.98	11.74
0.007	0.012	2014	-3.34	4.02	12.37
0.007	0.015	2221	-3.07	4.01	13.9
0.007	0.02	2447	-2.68	3.92	17.78
0.007	0.03	2621	-2.3	3.83	24.17
0.007	0.04	2764	-2.24	3.99	23.28
0.007	0.05	2829	-2.04	3.93	27.77
0.007	0.06	2887	-2.05	4.05	26.61
0.007	0.07	2932	-1.96	4.06	28.57
0.007	0.072	2940	-1.94	4.06	28.93
0.007	0.075	2953	-1.86	4	31.41
0.007	0.08	2968	-1.88	4.06	30.44
0.007	0.09	2998	-1.82	4.06	32.18
0.007	0.1	3023	-1.71	4.02	35.68
0.007	0.11	3106	-1.7	4.09	34.25
0.007	0.13	3144	-1.6	4.09	37.39
0.007	0.15	3181	-1.52	4.09	40.05
0.007	0.175	3214	-1.43	4.09	43.49
0.007	0.2	3240	-1.36	4.09	46.68
0.007	0.25	3294	-1.23	4.08	52.34
0.007	0.3	3343	-1.13	4.08	57.33
0.007	0.35	3397	-1.03	4.08	61.92
0.007	0.4	3453	-0.95	4.09	65.95
0.007	0.45	3502	-0.87	4.09	70.02
0.007	0.5	3551	-0.8	4.08	73.99
0.007	0.57	3605	-0.72	4.09	78.71
0.007	0.6	3630	-0.69	4.09	80.68
0.007	0.62	3644	-0.66	4.09	82.1
0.007	0.7	3698	-0.59	4.09	86.88
0.007	0.75	3737	-0.54	4.09	90.16
0.007	0.8	3773	-0.5	4.09	92.81
0.007	0.85	3807	-0.45	4.09	95.63
0.007	0.9	3849	-0.42	4.1	97.75
0.007	0.95	3884	-0.37	4.09	101.1
0.007	1	3951	-0.32	4.1	103.18
0.007	1.05	4020	-0.28	4.1	105.26
0.007	1.1	4070	-0.23	4.1	107.76
0.007	1.15	4123	-0.19	4.1	109.99
0.007	1.2	4176	-0.15	4.1	112.41
0.007	1.3	4290	-0.06	4.09	118.32
0.007	1.4	4426	0.04	4.07	125.17
0.008	0.0005	409	-6.3	2.83	9.89
0.008	0.001	576	-5.74	3.17	9.48
0.008	0.002	796	-5.17	3.46	9.61
0.008	0.003	972	-4.8	3.62	9.81
0.008	0.004	1128	-4.52	3.72	10.06
0.008	0.005	1265	-4.31	3.8	10.28
0.008	0.006	1384	-4.13	3.86	10.47
0.008	0.007	1502	-3.97	3.91	10.69
0.008	0.008	1611	-3.83	3.95	10.92
0.008	0.009	1712	-3.71	3.98	11.16
0.008	0.01	1808	-3.6	4.01	11.4
0.008	0.012	1979	-3.39	4.04	12.03
0.008	0.015	2206	-3.09	4.03	13.66
0.008	0.02	2446	-2.69	3.93	17.66
0.008	0.03	2623	-2.33	3.86	23.33
0.008	0.04	2754	-2.31	4.05	21.63
0.008	0.05	2835	-2.11	4.01	25.52
0.008	0.06	2881	-2.1	4.1	25.11
0.008	0.07	2927	-2.01	4.11	26.96
0.008	0.072	2935	-2	4.11	27.3
0.008	0.075	2950	-1.93	4.06	29.31
0.008	0.08	2965	-1.93	4.11	28.7
0.008	0.09	2997	-1.86	4.11	30.52
0.008	0.1	3023	-1.77	4.07	33.48
0.008	0.11	3108	-1.75	4.14	32.48
0.008	0.13	3146	-1.65	4.14	35.45
0.008	0.15	3183	-1.56	4.14	38.15
0.008	0.175	3217	-1.47	4.13	41.42
0.008	0.2	3244	-1.4	4.13	44.46
0.008	0.25	3296	-1.27	4.13	49.85
0.008	0.3	3343	-1.17	4.13	54.6
0.008	0.35	3396	-1.07	4.13	58.99
0.008	0.4	3451	-0.98	4.12	63.21
0.008	0.45	3503	-0.91	4.12	67.12
0.008	0.5	3554	-0.84	4.12	70.53
0.008	0.57	3612	-0.75	4.12	75.41
0.008	0.6	3636	-0.72	4.12	77.33
0.008	0.62	3652	-0.7	4.13	78.23
0.008	0.7	3707	-0.62	4.13	83.21
0.008	0.75	3746	-0.58	4.13	85.91
0.008	0.8	3782	-0.53	4.13	88.91
0.008	0.85	3819	-0.49	4.13	91.7
0.008	0.9	3860	-0.45	4.13	93.94
0.008	0.95	3897	-0.4	4.13	96.93
0.008	1	3974	-0.35	4.13	99.09
0.008	1.05	4036	-0.3	4.13	101.36
0.008	1.1	4092	-0.26	4.13	103.68
0.008	1.15	4151	-0.22	4.13	105.86
0.008	1.2	4210	-0.17	4.13	108.67
0.008	1.3	4343	-0.06	4.11	115.12
0.008	1.4	4508	0.06	4.09	122.94
0.009	0.0005	399	-6.35	2.84	9.78
0.009	0.001	556	-5.81	3.18	9.39
0.009	0.002	768	-5.24	3.47	9.51
0.009	0.003	942	-4.87	3.62	9.72
0.009	0.004	1093	-4.59	3.73	9.93
0.009	0.005	1222	-4.38	3.81	10.13
0.009	0.006	1346	-4.19	3.87	10.32
0.009	0.007	1464	-4.03	3.92	10.52
0.009	0.008	1573	-3.89	3.96	10.74
0.009	0.009	1674	-3.76	4	10.95
0.009	0.01	1770	-3.65	4.03	11.18
0.009	0.012	1948	-3.44	4.06	11.76
0.009	0.015	2195	-3.11	4.04	13.49
0.009	0.02	2445	-2.7	3.94	17.53
0.009	0.03	2624	-2.37	3.91	22.15
0.009	0.04	2743	-2.36	4.1	20.42
0.009	0.05	2828	-2.18	4.07	23.82
0.009	0.06	2875	-2.15	4.15	23.83
0.009	0.07	2922	-2.06	4.15	25.58
0.009	0.072	2930	-2.04	4.15	25.91
0.009	0.075	2946	-1.98	4.11	27.65
0.009	0.08	2961	-1.98	4.15	27.37
0.009	0.09	2996	-1.91	4.15	29.08
0.009	0.1	3023	-1.81	4.12	31.74
0.009	0.11	3110	-1.79	4.18	30.96
0.009	0.13	3148	-1.69	4.18	33.79
0.009	0.15	3184	-1.6	4.17	36.56
0.009	0.175	3220	-1.51	4.17	39.68
0.009	0.2	3248	-1.43	4.17	42.58
0.009	0.25	3300	-1.31	4.16	47.73
0.009	0.3	3343	-1.2	4.16	52.57
0.009	0.35	3395	-1.11	4.16	56.81
0.009	0.4	3451	-1.02	4.16	60.56
0.009	0.45	3503	-0.94	4.16	64.33
0.009	0.5	3555	-0.88	4.16	67.59
0.009	0.57	3617	-0.79	4.16	72.25
0.009	0.6	3642	-0.75	4.16	74.06
0.009	0.62	3656	-0.73	4.16	75.38
0.009	0.7	3714	-0.66	4.16	79.74
0.009	0.75	3753	-0.61	4.16	82.73
0.009	0.8	3790	-0.56	4.16	85.2
0.009	0.85	3830	-0.52	4.16	88.03
0.009	0.9	3872	-0.47	4.16	90.44
0.009	0.95	3917	-0.42	4.16	93.53
0.009	1	3993	-0.37	4.16	95.8
0.009	1.05	4054	-0.32	4.16	97.94
0.009	1.1	4114	-0.28	4.16	100.51
0.009	1.15	4178	-0.23	4.16	103.05
0.009	1.2	4250	-0.18	4.15	105.85
0.009	1.3	4403	-0.06	4.13	112.95
0.009	1.4	4606	0.09	4.1	121.9
0.01	0.0005	394	-6.38	2.85	9.71
0.01	0.001	540	-5.87	3.18	9.31
0.01	0.002	746	-5.3	3.47	9.44
0.01	0.003	920	-4.91	3.63	9.65
0.01	0.004	1064	-4.64	3.74	9.84
0.01	0.005	1193	-4.43	3.82	10.03
0.01	0.006	1316	-4.24	3.88	10.21
0.01	0.007	1426	-4.09	3.94	10.37
0.01	0.008	1536	-3.94	3.98	10.57
0.01	0.009	1635	-3.82	4.01	10.76
0.01	0.01	1731	-3.7	4.04	10.97
0.01	0.012	1915	-3.49	4.08	11.5
0.01	0.015	2188	-3.13	4.05	13.38
0.01	0.02	2442	-2.71	3.95	17.35
0.01	0.03	2622	-2.43	3.97	20.62
0.01	0.04	2734	-2.41	4.15	19.49
0.01	0.05	2821	-2.23	4.12	22.49
0.01	0.06	2871	-2.19	4.18	22.84
0.01	0.07	2919	-2.1	4.19	24.52
0.01	0.072	2927	-2.08	4.19	24.83
0.01	0.075	2942	-2.02	4.16	26.36
0.01	0.08	2958	-2.02	4.19	26.24
0.01	0.09	2993	-1.94	4.19	27.88
0.01	0.1	3024	-1.85	4.16	30.25
0.01	0.11	3112	-1.82	4.22	29.68
0.01	0.13	3149	-1.72	4.21	32.56
0.01	0.15	3186	-1.64	4.21	35.03
0.01	0.175	3222	-1.55	4.21	38.02
0.01	0.2	3251	-1.46	4.2	41.01
0.01	0.25	3303	-1.34	4.2	45.95
0.01	0.3	3345	-1.23	4.19	50.6
0.01	0.35	3396	-1.14	4.19	54.7
0.01	0.4	3451	-1.05	4.19	58.63
0.01	0.45	3503	-0.98	4.19	61.97
0.01	0.5	3555	-0.9	4.19	65.47
0.01	0.57	3619	-0.82	4.19	69.61
0.01	0.6	3645	-0.78	4.19	71.34
0.01	0.62	3660	-0.76	4.19	72.59
0.01	0.7	3719	-0.68	4.19	77.21
0.01	0.75	3758	-0.64	4.19	79.72
0.01	0.8	3795	-0.59	4.19	82.63
0.01	0.85	3839	-0.54	4.19	85.12
0.01	0.9	3882	-0.5	4.19	87.66
0.01	0.95	3939	-0.44	4.19	90.44
0.01	1	4011	-0.39	4.19	92.85
0.01	1.05	4075	-0.34	4.19	95.21
0.01	1.1	4142	-0.29	4.18	97.75
0.01	1.15	4212	-0.23	4.18	100.62
0.01	1.2	4291	-0.18	4.17	103.84
0.01	1.3	4476	-0.04	4.14	111.55
0.01	1.4	4707	0.13	4.1	122.08
0.02	0.0005	352	-6.63	2.9	9.11
0.02	0.001	466	-6.16	3.22	8.95
0.02	0.002	614	-5.67	3.51	9.04
0.02	0.003	753	-5.31	3.68	9.17
0.02	0.004	877	-5.03	3.79	9.28
0.02	0.005	991	-4.81	3.88	9.38
0.02	0.006	1100	-4.62	3.95	9.48
0.02	0.007	1195	-4.47	4.01	9.55
0.02	0.008	1293	-4.32	4.06	9.64
0.02	0.009	1386	-4.2	4.1	9.72
0.02	0.01	1483	-4.07	4.14	9.83
0.02	0.012	1714	-3.77	4.17	10.36
0.02	0.015	2149	-3.19	4.08	12.85
0.02	0.02	2362	-2.93	4.1	14.45
0.02	0.03	2506	-2.85	4.31	13.97
0.02	0.04	2649	-2.71	4.39	14.74
0.02	0.05	2766	-2.53	4.39	16.53
0.02	0.06	2833	-2.44	4.42	17.49
0.02	0.07	2891	-2.34	4.42	18.85
0.02	0.072	2901	-2.33	4.42	19.09
0.02	0.075	2917	-2.28	4.4	19.84
0.02	0.08	2936	-2.26	4.42	20.16
0.02	0.09	2972	-2.18	4.42	21.41
0.02	0.1	3012	-2.1	4.4	22.97
0.02	0.11	3121	-2.04	4.44	23
0.02	0.13	3171	-1.93	4.43	25.21
0.02	0.15	3209	-1.85	4.43	27.14
0.02	0.175	3244	-1.75	4.42	29.58
0.02	0.2	3279	-1.67	4.42	31.87
0.02	0.25	3336	-1.53	4.41	36.01
0.02	0.3	3381	-1.42	4.4	39.83
0.02	0.35	3422	-1.33	4.4	43.08
0.02	0.4	3464	-1.25	4.4	46.23
0.02	0.45	3510	-1.18	4.4	48.92
0.02	0.5	3554	-1.11	4.39	51.75
0.02	0.57	3618	-1.02	4.39	55.38
0.02	0.6	3648	-0.98	4.39	56.85
0.02	0.62	3667	-0.96	4.39	57.64
0.02	0.7	3750	-0.86	4.38	61.99
0.02	0.75	3801	-0.8	4.38	64.73
0.02	0.8	3864	-0.73	4.37	67.44
0.02	0.85	3938	-0.66	4.36	70.37
0.02	0.9	4039	-0.58	4.35	73.28
0.02	0.95	4152	-0.5	4.33	76.44
0.02	1	4287	-0.4	4.32	80.09
0.02	1.05	4446	-0.29	4.29	84.38
0.02	1.1	4638	-0.17	4.26	89.84
0.02	1.15	4866	-0.02	4.21	96.86
0.02	1.2	5133	0.16	4.15	106.55
0.02	1.3	5844	0.52	4.05	124.6
0.03	0.0005	325	-6.81	2.93	8.78
0.03	0.001	424	-6.35	3.24	8.74
0.03	0.002	558	-5.85	3.53	8.87
0.03	0.003	669	-5.53	3.7	8.95
0.03	0.004	780	-5.26	3.81	9.04
0.03	0.005	881	-5.04	3.9	9.09
0.03	0.006	980	-4.85	3.98	9.13
0.03	0.007	1079	-4.68	4.04	9.2
0.03	0.008	1161	-4.55	4.1	9.23
0.03	0.009	1249	-4.42	4.14	9.29
0.03	0.01	1337	-4.29	4.18	9.34
0.03	0.012	1623	-3.9	4.21	9.95
0.03	0.015	2099	-3.27	4.12	12.27
0.03	0.02	2162	-3.28	4.3	11.49
0.03	0.03	2410	-3.05	4.44	11.99
0.03	0.04	2591	-2.87	4.51	12.85
0.03	0.05	2722	-2.69	4.52	14.23
0.03	0.06	2805	-2.58	4.54	15.21
0.03	0.07	2871	-2.48	4.54	16.37
0.03	0.072	2881	-2.46	4.54	16.58
0.03	0.075	2899	-2.42	4.53	17.14
0.03	0.08	2921	-2.39	4.54	17.5
0.03	0.09	2962	-2.31	4.54	18.57
0.03	0.1	2998	-2.24	4.53	19.82
0.03	0.11	3116	-2.16	4.56	19.94
0.03	0.13	3172	-2.06	4.56	21.74
0.03	0.15	3218	-1.97	4.56	23.5
0.03	0.175	3262	-1.87	4.55	25.61
0.03	0.2	3298	-1.78	4.54	27.61
0.03	0.25	3360	-1.65	4.53	31.15
0.03	0.3	3414	-1.53	4.53	34.43
0.03	0.35	3453	-1.44	4.52	37.39
0.03	0.4	3490	-1.36	4.52	40.13
0.03	0.45	3524	-1.29	4.52	42.7
0.03	0.5	3562	-1.22	4.51	45.31
0.03	0.57	3627	-1.13	4.5	48.68
0.03	0.6	3658	-1.08	4.5	50.36
0.03	0.62	3680	-1.05	4.49	51.35
0.03	0.7	3790	-0.93	4.47	55.78
0.03	0.75	3877	-0.85	4.46	58.69
0.03	0.8	3986	-0.75	4.44	62.04
0.03	0.85	4143	-0.64	4.42	65.59
0.03	0.9	4342	-0.5	4.39	69.6
0.03	0.95	4560	-0.36	4.36	74.51
0.03	1	4850	-0.18	4.31	80.89
0.03	1.05	5183	0.01	4.25	88.32
0.03	1.1	5511	0.16	4.23	92.89
0.03	1.15	5681	0.15	4.31	86.31
0.03	1.2	5770	0.18	4.33	86.37
0.03	1.4	6586	0.55	4.25	101.64
0.04	0.0005	301	-6.96	2.96	8.55
0.04	0.001	396	-6.48	3.25	8.59
0.04	0.002	516	-6	3.54	8.73
0.04	0.003	618	-5.68	3.71	8.82
0.04	0.004	714	-5.43	3.83	8.88
0.04	0.005	806	-5.21	3.92	8.91
0.04	0.006	899	-5.02	4	8.93
0.04	0.007	994	-4.84	4.06	8.97
0.04	0.008	1072	-4.71	4.12	8.97
0.04	0.009	1153	-4.58	4.17	9
0.04	0.01	1239	-4.45	4.21	9.05
0.04	0.012	1564	-3.99	4.23	9.71
0.04	0.015	2025	-3.39	4.17	11.53
0.04	0.02	2020	-3.49	4.39	10.34
0.04	0.03	2324	-3.19	4.52	10.95
0.04	0.04	2535	-2.98	4.58	11.75
0.04	0.05	2687	-2.8	4.6	12.91
0.04	0.06	2782	-2.68	4.62	13.85
0.04	0.07	2855	-2.57	4.62	14.91
0.04	0.072	2867	-2.55	4.62	15.1
0.04	0.075	2886	-2.52	4.62	15.53
0.04	0.08	2911	-2.48	4.63	15.85
0.04	0.09	2955	-2.4	4.63	16.82
0.04	0.1	2994	-2.33	4.62	17.84
0.04	0.11	3105	-2.26	4.65	18.05
0.04	0.13	3164	-2.15	4.65	19.67
0.04	0.15	3214	-2.06	4.64	21.26
0.04	0.175	3262	-1.96	4.64	23.15
0.04	0.2	3301	-1.87	4.63	24.81
0.04	0.25	3360	-1.73	4.62	28.15
0.04	0.3	3414	-1.62	4.61	31.09
0.04	0.35	3455	-1.52	4.61	33.94
0.04	0.4	3495	-1.44	4.6	36.39
0.04	0.45	3529	-1.37	4.59	39
0.04	0.5	3568	-1.3	4.59	41.38
0.04	0.57	3642	-1.18	4.57	45.14
0.04	0.6	3681	-1.14	4.56	46.67
0.04	0.62	3710	-1.1	4.56	47.84
0.04	0.7	3869	-0.94	4.52	52.74
0.04	0.75	4003	-0.83	4.5	56.35
0.04	0.8	4215	-0.68	4.47	60.24
0.04	0.85	4478	-0.51	4.43	64.58
0.04	0.9	4774	-0.33	4.39	69.98
0.04	0.95	5126	-0.15	4.36	74.52
0.04	1	5308	-0.12	4.4	72.71
0.04	1.05	5406	-0.08	4.42	72.79
0.04	1.1	5523	0	4.4	76.62
0.04	1.15	5638	0.09	4.36	81.3
0.04	1.2	5778	0.18	4.33	86.35
0.05	0.0005	285	-7.07	2.98	8.38
0.05	0.001	375	-6.59	3.27	8.47
0.05	0.002	491	-6.1	3.55	8.64
0.05	0.003	585	-5.79	3.72	8.72
0.05	0.004	676	-5.53	3.84	8.79
0.05	0.005	756	-5.34	3.93	8.8
0.05	0.006	840	-5.15	4.01	8.8
0.05	0.007	928	-4.98	4.08	8.81
0.05	0.008	1010	-4.83	4.14	8.81
0.05	0.009	1085	-4.71	4.19	8.81
0.05	0.01	1171	-4.57	4.23	8.86
0.05	0.012	1520	-4.05	4.24	9.54
0.05	0.015	1903	-3.57	4.25	10.63
0.05	0.02	1909	-3.64	4.45	9.7
0.05	0.03	2246	-3.31	4.58	10.26
0.05	0.04	2480	-3.08	4.64	10.98
0.05	0.05	2651	-2.88	4.66	12.04
0.05	0.06	2759	-2.75	4.68	12.89
0.05	0.07	2837	-2.65	4.69	13.8
0.05	0.072	2852	-2.62	4.68	14.05
0.05	0.075	2872	-2.59	4.68	14.36
0.05	0.08	2901	-2.55	4.69	14.74
0.05	0.09	2948	-2.47	4.69	15.63
0.05	0.1	2989	-2.4	4.68	16.59
0.05	0.11	3095	-2.33	4.72	16.68
0.05	0.13	3159	-2.22	4.71	18.27
0.05	0.15	3211	-2.13	4.71	19.64
0.05	0.175	3260	-2.03	4.71	21.38
0.05	0.2	3303	-1.94	4.7	23.02
0.05	0.25	3361	-1.8	4.69	26
0.05	0.3	3414	-1.69	4.68	28.84
0.05	0.35	3458	-1.59	4.68	31.3
0.05	0.4	3501	-1.5	4.66	33.91
0.05	0.45	3536	-1.42	4.65	36.41
0.05	0.5	3578	-1.34	4.64	38.97
0.05	0.57	3668	-1.22	4.62	42.67
0.05	0.6	3720	-1.16	4.61	44.45
0.05	0.62	3763	-1.12	4.6	45.68
0.05	0.7	3980	-0.92	4.55	51.4
0.05	0.75	4224	-0.75	4.51	55.42
0.05	0.8	4515	-0.57	4.48	59.47
0.05	0.85	4825	-0.39	4.44	63.78
0.05	0.9	5030	-0.32	4.46	64.31
0.05	0.95	5122	-0.28	4.48	64.33
0.05	1	5270	-0.19	4.46	67.72
0.05	1.05	5398	-0.1	4.43	71.94
0.05	1.1	5516	0	4.4	76.64
0.05	1.15	5656	0.1	4.36	81.72
0.05	1.2	5810	0.19	4.33	86.56
0.06	0.0005	274	-7.15	2.99	8.27
0.06	0.001	359	-6.67	3.28	8.39
0.06	0.002	475	-6.17	3.56	8.56
0.06	0.003	560	-5.87	3.73	8.65
0.06	0.004	639	-5.64	3.85	8.69
0.06	0.005	722	-5.42	3.94	8.72
0.06	0.006	798	-5.25	4.02	8.7
0.06	0.007	879	-5.08	4.09	8.7
0.06	0.008	960	-4.93	4.15	8.7
0.06	0.009	1037	-4.8	4.2	8.69
0.06	0.01	1118	-4.66	4.24	8.72
0.06	0.012	1475	-4.12	4.26	9.38
0.06	0.015	1754	-3.77	4.31	9.89
0.06	0.02	1814	-3.77	4.49	9.29
0.06	0.03	2180	-3.4	4.62	9.8
0.06	0.04	2434	-3.15	4.68	10.47
0.06	0.05	2618	-2.95	4.71	11.39
0.06	0.06	2737	-2.82	4.73	12.19
0.06	0.07	2823	-2.7	4.74	13.04
0.06	0.072	2837	-2.69	4.74	13.21
0.06	0.075	2858	-2.65	4.74	13.51
0.06	0.08	2888	-2.61	4.74	13.86
0.06	0.09	2940	-2.53	4.74	14.75
0.06	0.1	2983	-2.45	4.74	15.6
0.06	0.11	3085	-2.39	4.77	15.76
0.06	0.13	3154	-2.27	4.77	17.15
0.06	0.15	3208	-2.18	4.76	18.53
0.06	0.175	3258	-2.08	4.76	20.07
0.06	0.2	3303	-1.99	4.75	21.6
0.06	0.25	3364	-1.85	4.74	24.52
0.06	0.3	3415	-1.74	4.74	27.06
0.06	0.35	3460	-1.64	4.73	29.5
0.06	0.4	3506	-1.55	4.71	32
0.06	0.45	3546	-1.47	4.7	34.45
0.06	0.5	3593	-1.38	4.68	37.2
0.06	0.57	3699	-1.24	4.65	41.2
0.06	0.6	3771	-1.16	4.63	43.12
0.06	0.62	3826	-1.11	4.62	44.52
0.06	0.7	4135	-0.86	4.56	50.81
0.06	0.75	4449	-0.67	4.53	54.43
0.06	0.8	4717	-0.53	4.51	57.2
0.06	0.85	4833	-0.48	4.53	57.91
0.06	0.9	4940	-0.41	4.53	59.66
0.06	0.95	5112	-0.3	4.49	63.54
0.06	1	5266	-0.19	4.46	67.58
0.06	1.05	5395	-0.09	4.43	72.14
0.06	1.1	5530	0.01	4.39	77.03
0.06	1.15	5682	0.11	4.36	82
0.06	1.2	5844	0.2	4.33	86.68
0.07	0.0005	264	-7.23	3	8.17
0.07	0.001	344	-6.75	3.28	8.31
0.07	0.002	462	-6.22	3.56	8.51
0.07	0.003	541	-5.94	3.73	8.59
0.07	0.004	617	-5.71	3.85	8.63
0.07	0.005	690	-5.51	3.95	8.64
0.07	0.006	764	-5.33	4.03	8.62
0.07	0.007	836	-5.18	4.1	8.6
0.07	0.008	909	-5.04	4.16	8.58
0.07	0.009	989	-4.89	4.21	8.58
0.07	0.01	1071	-4.75	4.25	8.6
0.07	0.012	1436	-4.18	4.27	9.25
0.07	0.015	1627	-3.95	4.36	9.37
0.07	0.02	1735	-3.87	4.52	8.99
0.07	0.03	2115	-3.49	4.65	9.42
0.07	0.04	2388	-3.22	4.72	10.04
0.07	0.05	2583	-3.02	4.75	10.85
0.07	0.06	2713	-2.88	4.77	11.59
0.07	0.07	2809	-2.75	4.78	12.46
0.07	0.072	2824	-2.73	4.78	12.61
0.07	0.075	2846	-2.7	4.78	12.89
0.07	0.08	2877	-2.66	4.78	13.24
0.07	0.09	2933	-2.58	4.78	14.02
0.07	0.1	2979	-2.5	4.78	14.81
0.07	0.11	3075	-2.44	4.81	14.96
0.07	0.13	3147	-2.32	4.81	16.28
0.07	0.15	3206	-2.22	4.81	17.58
0.07	0.175	3256	-2.13	4.81	19.04
0.07	0.2	3301	-2.04	4.8	20.5
0.07	0.25	3367	-1.9	4.79	23.25
0.07	0.3	3417	-1.78	4.78	25.8
0.07	0.35	3463	-1.68	4.77	28.11
0.07	0.4	3511	-1.59	4.75	30.57
0.07	0.45	3555	-1.49	4.74	33.14
0.07	0.5	3608	-1.4	4.71	35.93
0.07	0.57	3741	-1.24	4.67	40.22
0.07	0.6	3828	-1.15	4.65	42.35
0.07	0.62	3899	-1.09	4.63	43.82
0.07	0.7	4292	-0.81	4.57	50.04
0.07	0.75	4553	-0.68	4.57	51.8
0.07	0.8	4656	-0.62	4.58	53.09
0.07	0.85	4772	-0.53	4.56	55.89
0.07	0.9	4942	-0.41	4.53	59.67
0.07	0.95	5116	-0.3	4.49	63.61
0.07	1	5263	-0.19	4.46	67.64
0.07	1.05	5396	-0.09	4.43	72.19
0.07	1.1	5539	0.01	4.39	77.17
0.07	1.15	5695	0.11	4.35	82.1
0.07	1.2	5868	0.21	4.33	86.67
0.08	0.0005	255	-7.3	3.01	8.09
0.08	0.001	331	-6.83	3.29	8.25
0.08	0.002	446	-6.29	3.57	8.44
0.08	0.003	522	-6.01	3.74	8.54
0.08	0.004	595	-5.77	3.86	8.57
0.08	0.005	668	-5.57	3.96	8.58
0.08	0.006	738	-5.4	4.04	8.56
0.08	0.007	801	-5.26	4.11	8.53
0.08	0.008	875	-5.11	4.17	8.51
0.08	0.009	946	-4.98	4.22	8.49
0.08	0.01	1022	-4.84	4.27	8.49
0.08	0.012	1397	-4.24	4.28	9.14
0.08	0.015	1536	-4.08	4.38	9.06
0.08	0.02	1671	-3.96	4.54	8.78
0.08	0.03	2066	-3.55	4.68	9.16
0.08	0.04	2349	-3.28	4.75	9.72
0.08	0.05	2552	-3.07	4.78	10.44
0.08	0.06	2691	-2.92	4.81	11.14
0.08	0.07	2792	-2.8	4.82	11.9
0.08	0.072	2809	-2.78	4.82	12.05
0.08	0.075	2833	-2.75	4.81	12.36
0.08	0.08	2867	-2.7	4.82	12.69
0.08	0.09	2925	-2.62	4.82	13.43
0.08	0.1	2973	-2.54	4.82	14.17
0.08	0.11	3067	-2.48	4.85	14.35
0.08	0.13	3141	-2.36	4.85	15.62
0.08	0.15	3204	-2.27	4.85	16.77
0.08	0.175	3255	-2.17	4.84	18.25
0.08	0.2	3301	-2.08	4.84	19.65
0.08	0.25	3370	-1.93	4.82	22.28
0.08	0.3	3418	-1.82	4.81	24.74
0.08	0.35	3466	-1.71	4.8	27.07
0.08	0.4	3516	-1.62	4.79	29.39
0.08	0.45	3565	-1.52	4.76	32.06
0.08	0.5	3627	-1.41	4.74	34.9
0.08	0.57	3784	-1.23	4.68	39.58
0.08	0.6	3891	-1.14	4.66	41.8
0.08	0.62	3978	-1.07	4.64	43.29
0.08	0.7	4351	-0.81	4.6	48.38
0.08	0.75	4478	-0.75	4.61	49.24
0.08	0.8	4605	-0.65	4.59	52.02
0.08	0.85	4769	-0.53	4.56	55.85
0.08	0.9	4945	-0.41	4.52	59.76
0.08	0.95	5117	-0.29	4.49	63.68
0.08	1	5261	-0.19	4.46	67.7
0.08	1.05	5405	-0.09	4.42	72.4
0.08	1.1	5550	0.01	4.39	77.28
0.08	1.15	5706	0.12	4.35	82.13
0.08	1.2	5876	0.21	4.33	86.68
0.09	0.0005	246	-7.37	3.01	8.01
0.09	0.001	322	-6.88	3.29	8.21
0.09	0.002	433	-6.34	3.58	8.39
0.09	0.003	503	-6.08	3.74	8.49
0.09	0.004	582	-5.82	3.86	8.53
0.09	0.005	645	-5.64	3.96	8.51
0.09	0.006	712	-5.47	4.04	8.5
0.09	0.007	777	-5.32	4.11	8.47
0.09	0.008	841	-5.19	4.17	8.44
0.09	0.009	911	-5.05	4.23	8.42
0.09	0.01	989	-4.91	4.27	8.42
0.09	0.012	1366	-4.28	4.29	9.05
0.09	0.015	1460	-4.19	4.41	8.83
0.09	0.02	1615	-4.04	4.55	8.61
0.09	0.03	2023	-3.61	4.7	8.95
0.09	0.04	2311	-3.33	4.77	9.46
0.09	0.05	2521	-3.12	4.81	10.1
0.09	0.06	2669	-2.97	4.84	10.76
0.09	0.07	2778	-2.84	4.85	11.52
0.09	0.072	2796	-2.82	4.85	11.64
0.09	0.075	2821	-2.79	4.85	11.91
0.09	0.08	2856	-2.74	4.85	12.22
0.09	0.09	2917	-2.66	4.85	12.92
0.09	0.1	2966	-2.58	4.86	13.6
0.09	0.11	3059	-2.51	4.88	13.84
0.09	0.13	3135	-2.4	4.88	15.06
0.09	0.15	3202	-2.3	4.88	16.17
0.09	0.175	3254	-2.2	4.87	17.6
0.09	0.2	3300	-2.11	4.87	18.94
0.09	0.25	3371	-1.96	4.86	21.47
0.09	0.3	3421	-1.85	4.85	23.84
0.09	0.35	3468	-1.74	4.83	26.22
0.09	0.4	3520	-1.64	4.81	28.54
0.09	0.45	3574	-1.53	4.78	31.3
0.09	0.5	3641	-1.42	4.75	34.3
0.09	0.57	3824	-1.22	4.69	39.16
0.09	0.6	3947	-1.12	4.67	41.33
0.09	0.62	4040	-1.05	4.65	42.7
0.09	0.7	4296	-0.88	4.64	46.26
0.09	0.75	4433	-0.78	4.63	48.57
0.09	0.8	4603	-0.65	4.59	52.06
0.09	0.85	4770	-0.53	4.56	55.98
0.09	0.9	4948	-0.41	4.52	59.8
0.09	0.95	5116	-0.29	4.49	63.73
0.09	1	5263	-0.19	4.46	67.8
0.09	1.05	5411	-0.08	4.42	72.53
0.09	1.1	5560	0.02	4.39	77.39
0.09	1.15	5713	0.12	4.35	82.17
0.09	1.2	5882	0.22	4.33	86.68
0.1	0.0005	240	-7.42	3.02	7.96
0.1	0.001	309	-6.96	3.3	8.15
0.1	0.002	425	-6.38	3.58	8.36
0.1	0.003	493	-6.11	3.75	8.46
0.1	0.004	563	-5.88	3.87	8.48
0.1	0.005	630	-5.69	3.97	8.48
0.1	0.006	688	-5.53	4.05	8.44
0.1	0.007	760	-5.36	4.12	8.42
0.1	0.008	816	-5.25	4.18	8.38
0.1	0.009	886	-5.1	4.23	8.37
0.1	0.01	953	-4.98	4.28	8.35
0.1	0.012	1335	-4.33	4.3	8.96
0.1	0.015	1399	-4.28	4.42	8.66
0.1	0.02	1561	-4.11	4.57	8.46
0.1	0.03	1979	-3.67	4.72	8.75
0.1	0.04	2270	-3.39	4.8	9.2
0.1	0.05	2493	-3.17	4.84	9.82
0.1	0.06	2648	-3.01	4.86	10.45
0.1	0.07	2762	-2.88	4.87	11.14
0.1	0.072	2782	-2.86	4.88	11.28
0.1	0.075	2809	-2.82	4.87	11.52
0.1	0.08	2846	-2.78	4.88	11.83
0.1	0.09	2910	-2.69	4.88	12.5
0.1	0.1	2960	-2.62	4.89	13.12
0.1	0.11	3051	-2.55	4.91	13.34
0.1	0.13	3129	-2.43	4.91	14.52
0.1	0.15	3199	-2.33	4.91	15.67
0.1	0.175	3253	-2.23	4.9	17.05
0.1	0.2	3299	-2.14	4.9	18.35
0.1	0.25	3372	-1.99	4.88	20.81
0.1	0.3	3424	-1.87	4.87	23.1
0.1	0.35	3471	-1.77	4.86	25.4
0.1	0.4	3525	-1.66	4.83	27.86
0.1	0.45	3583	-1.55	4.8	30.58
0.1	0.5	3658	-1.43	4.77	33.74
0.1	0.57	3864	-1.22	4.7	38.69
0.1	0.6	3987	-1.12	4.68	40.58
0.1	0.62	4063	-1.06	4.67	41.92
0.1	0.7	4246	-0.91	4.65	45.51
0.1	0.75	4426	-0.78	4.63	48.55
0.1	0.8	4603	-0.65	4.59	52.19
0.1	0.85	4771	-0.53	4.56	56.01
0.1	0.9	4950	-0.41	4.52	59.84
0.1	0.95	5116	-0.29	4.49	63.76
0.1	1	5265	-0.19	4.46	67.86
0.1	1.05	5420	-0.08	4.42	72.64
0.1	1.1	5568	0.02	4.39	77.45
0.1	1.15	5721	0.12	4.35	82.2
0.1	1.2	5882	0.22	4.33	86.68
0.12	0.0005	227	-7.53	3.03	7.85
0.12	0.001	295	-7.04	3.31	8.09
0.12	0.002	403	-6.48	3.59	8.28
0.12	0.003	475	-6.18	3.75	8.38
0.12	0.004	537	-5.97	3.88	8.4
0.12	0.005	599	-5.78	3.97	8.4
0.12	0.006	665	-5.6	4.05	8.38
0.12	0.007	716	-5.48	4.13	8.32
0.12	0.008	783	-5.33	4.19	8.3
0.12	0.009	835	-5.22	4.24	8.26
0.12	0.01	900	-5.09	4.29	8.25
0.12	0.012	1273	-4.43	4.31	8.79
0.12	0.015	1298	-4.44	4.45	8.4
0.12	0.02	1484	-4.22	4.59	8.26
0.12	0.03	1905	-3.76	4.75	8.46
0.12	0.04	2204	-3.47	4.83	8.85
0.12	0.05	2441	-3.24	4.88	9.38
0.12	0.06	2606	-3.08	4.91	9.91
0.12	0.07	2733	-2.94	4.92	10.56
0.12	0.072	2753	-2.92	4.92	10.68
0.12	0.075	2783	-2.89	4.92	10.9
0.12	0.08	2824	-2.84	4.93	11.18
0.12	0.09	2894	-2.75	4.94	11.74
0.12	0.1	2949	-2.67	4.94	12.4
0.12	0.11	3035	-2.61	4.96	12.61
0.12	0.13	3117	-2.49	4.96	13.72
0.12	0.15	3193	-2.38	4.96	14.8
0.12	0.175	3251	-2.28	4.95	16.1
0.12	0.2	3298	-2.19	4.95	17.33
0.12	0.25	3374	-2.03	4.93	19.75
0.12	0.3	3428	-1.91	4.91	22.03
0.12	0.35	3476	-1.8	4.89	24.36
0.12	0.4	3532	-1.69	4.86	26.92
0.12	0.45	3598	-1.57	4.83	29.71
0.12	0.5	3681	-1.44	4.78	33.04
0.12	0.57	3883	-1.23	4.73	37.54
0.12	0.6	3962	-1.16	4.72	39.15
0.12	0.62	4007	-1.12	4.71	40.27
0.12	0.7	4228	-0.92	4.65	45.51
0.12	0.75	4423	-0.78	4.62	48.7
0.12	0.8	4603	-0.65	4.59	52.24
0.12	0.85	4772	-0.53	4.55	56.14
0.12	0.9	4952	-0.4	4.52	59.97
0.12	0.95	5114	-0.29	4.49	63.83
0.12	1	5271	-0.18	4.46	68.05
0.12	1.05	5426	-0.08	4.42	72.76
0.12	1.1	5580	0.03	4.38	77.58
0.12	1.15	5727	0.12	4.35	82.27
0.12	1.2	5888	0.22	4.33	86.76
0.15	0.0005	212	-7.66	3.04	7.74
0.15	0.001	283	-7.13	3.32	8.01
0.15	0.002	376	-6.61	3.6	8.18
0.15	0.003	448	-6.3	3.76	8.29
0.15	0.004	504	-6.09	3.88	8.32
0.15	0.005	566	-5.89	3.98	8.3
0.15	0.006	625	-5.72	4.07	8.28
0.15	0.007	683	-5.57	4.14	8.24
0.15	0.008	739	-5.44	4.2	8.2
0.15	0.009	785	-5.34	4.26	8.14
0.15	0.01	850	-5.2	4.3	8.14
0.15	0.012	1195	-4.56	4.33	8.58
0.15	0.015	1194	-4.61	4.48	8.16
0.15	0.02	1382	-4.37	4.62	8.02
0.15	0.03	1798	-3.9	4.78	8.13
0.15	0.04	2114	-3.59	4.87	8.43
0.15	0.05	2368	-3.35	4.93	8.87
0.15	0.06	2547	-3.17	4.96	9.33
0.15	0.07	2690	-3.03	4.98	9.89
0.15	0.072	2713	-3	4.98	10
0.15	0.075	2746	-2.97	4.98	10.19
0.15	0.08	2792	-2.92	4.99	10.42
0.15	0.09	2871	-2.82	4.99	11
0.15	0.1	2934	-2.74	4.99	11.6
0.15	0.11	3016	-2.68	5.02	11.8
0.15	0.13	3101	-2.55	5.02	12.9
0.15	0.15	3183	-2.44	5.01	13.92
0.15	0.175	3248	-2.33	5.01	15.14
0.15	0.2	3298	-2.23	4.99	16.46
0.15	0.25	3374	-2.07	4.97	18.86
0.15	0.3	3432	-1.95	4.95	21.09
0.15	0.35	3481	-1.83	4.93	23.38
0.15	0.4	3538	-1.72	4.9	25.93
0.15	0.45	3610	-1.59	4.86	28.82
0.15	0.5	3693	-1.45	4.8	32.27
0.15	0.57	3847	-1.27	4.75	36.7
0.15	0.6	3912	-1.2	4.73	38.58
0.15	0.62	3968	-1.14	4.71	39.96
0.15	0.7	4222	-0.92	4.65	45.66
0.15	0.75	4419	-0.78	4.62	48.86
0.15	0.8	4603	-0.65	4.59	52.35
0.15	0.85	4774	-0.52	4.55	56.24
0.15	0.9	4953	-0.4	4.52	60.06
0.15	0.95	5114	-0.29	4.49	63.95
0.15	1	5277	-0.18	4.46	68.15
0.15	1.05	5435	-0.07	4.42	72.9
0.15	1.1	5582	0.03	4.38	77.63
0.15	1.15	5733	0.13	4.35	82.4
0.15	1.2	5893	0.22	4.32	86.89
0.2	0.0005	195	-7.81	3.06	7.62
0.2	0.001	263	-7.27	3.33	7.88
0.2	0.002	346	-6.77	3.61	8.09
0.2	0.003	416	-6.43	3.77	8.19
0.2	0.004	474	-6.2	3.89	8.23
0.2	0.005	525	-6.03	3.99	8.2
0.2	0.006	580	-5.86	4.08	8.17
0.2	0.007	625	-5.74	4.15	8.1
0.2	0.008	679	-5.6	4.21	8.06
0.2	0.009	733	-5.47	4.27	8.02
0.2	0.01	783	-5.36	4.32	7.99
0.2	0.012	1083	-4.76	4.36	8.32
0.2	0.015	1070	-4.82	4.5	7.92
0.2	0.02	1266	-4.55	4.64	7.78
0.2	0.03	1667	-4.07	4.82	7.8
0.2	0.04	2004	-3.73	4.92	7.99
0.2	0.05	2259	-3.48	4.98	8.3
0.2	0.06	2464	-3.29	5.02	8.68
0.2	0.07	2619	-3.14	5.05	9.14
0.2	0.072	2645	-3.12	5.05	9.22
0.2	0.075	2682	-3.08	5.06	9.36
0.2	0.08	2737	-3.03	5.06	9.59
0.2	0.09	2829	-2.92	5.07	10.1
0.2	0.1	2903	-2.83	5.07	10.64
0.2	0.11	2990	-2.76	5.09	10.93
0.2	0.13	3082	-2.63	5.08	11.95
0.2	0.15	3167	-2.51	5.07	12.97
0.2	0.175	3241	-2.38	5.05	14.33
0.2	0.2	3294	-2.28	5.04	15.58
0.2	0.25	3374	-2.11	5.01	18.07
0.2	0.3	3436	-1.97	4.98	20.43
0.2	0.35	3483	-1.86	4.96	22.69
0.2	0.4	3538	-1.74	4.92	25.3
0.2	0.45	3607	-1.6	4.87	28.34
0.2	0.5	3676	-1.47	4.82	31.69
0.2	0.57	3819	-1.28	4.75	36.55
0.2	0.6	3897	-1.2	4.72	38.73
0.2	0.62	3958	-1.14	4.71	40.12
0.2	0.7	4215	-0.92	4.65	45.82
0.2	0.75	4419	-0.78	4.62	48.96
0.2	0.8	4604	-0.65	4.59	52.5
0.2	0.85	4774	-0.52	4.55	56.36
0.2	0.9	4951	-0.4	4.52	60.17
0.2	0.95	5120	-0.29	4.49	64.1
0.2	1	5286	-0.18	4.45	68.33
0.2	1.05	5439	-0.07	4.42	73.03
0.2	1.1	5586	0.03	4.38	77.8
0.2	1.15	5737	0.13	4.35	82.56
0.2	1.2	5897	0.22	4.32	87.07
0.3	0.0005	170	-8.07	3.08	7.45
0.3	0.001	236	-7.47	3.35	7.74
0.3	0.002	301	-7.02	3.62	7.95
0.3	0.003	373	-6.64	3.79	8.05
0.3	0.004	422	-6.42	3.91	8.07
0.3	0.005	474	-6.22	4.01	8.06
0.3	0.006	519	-6.07	4.09	8.02
0.3	0.007	566	-5.93	4.17	7.97
0.3	0.008	608	-5.8	4.23	7.91
0.3	0.009	653	-5.69	4.29	7.85
0.3	0.01	703	-5.56	4.34	7.82
0.3	0.012	915	-5.09	4.4	8
0.3	0.015	924	-5.11	4.53	7.67
0.3	0.02	1100	-4.82	4.67	7.51
0.3	0.03	1489	-4.31	4.86	7.41
0.3	0.04	1823	-3.95	4.98	7.46
0.3	0.05	2099	-3.68	5.05	7.66
0.3	0.06	2321	-3.48	5.1	7.91
0.3	0.07	2503	-3.31	5.14	8.24
0.3	0.072	2536	-3.28	5.14	8.32
0.3	0.075	2581	-3.24	5.14	8.44
0.3	0.08	2647	-3.17	5.15	8.64
0.3	0.09	2762	-3.05	5.16	9.12
0.3	0.1	2850	-2.95	5.16	9.59
0.3	0.11	2952	-2.86	5.16	10
0.3	0.13	3064	-2.7	5.14	11.18
0.3	0.15	3154	-2.56	5.12	12.32
0.3	0.175	3235	-2.42	5.09	13.74
0.3	0.2	3291	-2.31	5.07	15.11
0.3	0.25	3373	-2.13	5.02	17.72
0.3	0.3	3437	-1.99	4.99	20.14
0.3	0.35	3480	-1.86	4.96	22.6
0.3	0.4	3533	-1.74	4.92	25.22
0.3	0.45	3594	-1.61	4.87	28.28
0.3	0.5	3661	-1.48	4.82	31.7
0.3	0.57	3805	-1.29	4.75	36.74
0.3	0.6	3890	-1.2	4.72	38.85
0.3	0.62	3952	-1.14	4.71	40.24
0.3	0.7	4214	-0.92	4.64	45.95
0.3	0.75	4420	-0.77	4.62	49.09
0.3	0.8	4603	-0.64	4.58	52.63
0.3	0.85	4774	-0.52	4.55	56.5
0.3	0.9	4951	-0.4	4.52	60.33
0.3	0.95	5126	-0.28	4.48	64.33
0.3	1	5292	-0.17	4.45	68.56
0.3	1.05	5443	-0.07	4.41	73.27
0.3	1.1	5590	0.04	4.38	78.06
0.3	1.15	5741	0.13	4.35	82.9
0.3	1.2	5901	0.23	4.32	87.5
0.4	0.0005	153	-8.26	3.09	7.35
0.4	0.001	217	-7.63	3.36	7.64
0.4	0.002	285	-7.13	3.63	7.87
0.4	0.003	344	-6.79	3.8	7.96
0.4	0.004	391	-6.57	3.92	7.98
0.4	0.005	434	-6.39	4.02	7.96
0.4	0.006	479	-6.22	4.1	7.92
0.4	0.007	518	-6.09	4.18	7.86
0.4	0.008	559	-5.96	4.24	7.8
0.4	0.009	598	-5.85	4.3	7.75
0.4	0.01	647	-5.72	4.35	7.71
0.4	0.012	819	-5.3	4.42	7.81
0.4	0.015	844	-5.28	4.55	7.52
0.4	0.02	999	-5.01	4.69	7.35
0.4	0.03	1363	-4.49	4.89	7.18
0.4	0.04	1683	-4.12	5.02	7.16
0.4	0.05	1979	-3.83	5.1	7.26
0.4	0.06	2208	-3.62	5.16	7.45
0.4	0.07	2403	-3.44	5.2	7.69
0.4	0.072	2441	-3.41	5.2	7.77
0.4	0.075	2493	-3.36	5.2	7.88
0.4	0.08	2578	-3.28	5.21	8.1
0.4	0.09	2713	-3.14	5.21	8.58
0.4	0.1	2822	-3.01	5.2	9.15
0.4	0.11	2934	-2.9	5.2	9.65
0.4	0.13	3057	-2.72	5.16	10.92
0.4	0.15	3150	-2.58	5.13	12.15
0.4	0.175	3234	-2.43	5.1	13.62
0.4	0.2	3290	-2.32	5.07	15.03
0.4	0.25	3373	-2.13	5.03	17.67
0.4	0.3	3437	-1.99	4.99	20.12
0.4	0.35	3479	-1.86	4.95	22.71
0.4	0.4	3529	-1.74	4.92	25.38
0.4	0.45	3589	-1.61	4.87	28.41
0.4	0.5	3654	-1.48	4.82	31.84
0.4	0.57	3801	-1.29	4.75	36.82
0.4	0.6	3886	-1.2	4.72	38.93
0.4	0.62	3949	-1.14	4.7	40.32
0.4	0.7	4213	-0.91	4.64	46.06
0.4	0.75	4419	-0.77	4.61	49.19
0.4	0.8	4602	-0.64	4.58	52.73
0.4	0.85	4773	-0.52	4.55	56.62
0.4	0.9	4951	-0.4	4.51	60.46
0.4	0.95	5127	-0.28	4.48	64.46
0.4	1	5293	-0.17	4.45	68.74
0.4	1.05	5444	-0.06	4.41	73.5
0.4	1.1	5591	0.04	4.38	78.38
0.4	1.15	5744	0.14	4.34	83.21
0.4	1.2	5905	0.23	4.31	87.87
0.5	0.0005	141	-8.41	3.1	7.28
0.5	0.001	203	-7.75	3.36	7.57
0.5	0.002	272	-7.22	3.64	7.81
0.5	0.003	322	-6.91	3.81	7.89
0.5	0.004	370	-6.67	3.93	7.91
0.5	0.005	409	-6.5	4.03	7.89
0.5	0.006	449	-6.34	4.11	7.84
0.5	0.007	488	-6.2	4.18	7.79
0.5	0.008	525	-6.08	4.25	7.73
0.5	0.009	564	-5.96	4.31	7.68
0.5	0.01	599	-5.86	4.36	7.63
0.5	0.012	759	-5.45	4.43	7.68
0.5	0.015	791	-5.4	4.56	7.43
0.5	0.02	936	-5.13	4.7	7.25
0.5	0.03	1264	-4.64	4.91	7.04
0.5	0.04	1583	-4.26	5.04	6.96
0.5	0.05	1875	-3.96	5.13	7.01
0.5	0.06	2116	-3.73	5.19	7.13
0.5	0.07	2329	-3.53	5.23	7.37
0.5	0.072	2369	-3.5	5.24	7.43
0.5	0.075	2426	-3.44	5.24	7.53
0.5	0.08	2518	-3.36	5.25	7.74
0.5	0.09	2680	-3.19	5.24	8.28
0.5	0.1	2804	-3.05	5.22	8.91
0.5	0.11	2926	-2.92	5.21	9.5
0.5	0.13	3055	-2.73	5.17	10.84
0.5	0.15	3149	-2.58	5.13	12.1
0.5	0.175	3234	-2.43	5.1	13.6
0.5	0.2	3290	-2.32	5.07	15.02
0.5	0.25	3373	-2.13	5.03	17.67
0.5	0.3	3437	-1.99	4.99	20.12
0.5	0.35	3478	-1.86	4.95	22.81
0.5	0.4	3526	-1.74	4.91	25.5
0.5	0.45	3587	-1.61	4.87	28.5
0.5	0.5	3653	-1.48	4.81	31.89
0.5	0.57	3799	-1.29	4.75	36.88
0.5	0.6	3885	-1.2	4.72	39
0.5	0.62	3948	-1.14	4.7	40.39
0.5	0.7	4211	-0.91	4.64	46.15
0.5	0.75	4418	-0.77	4.61	49.26
0.5	0.8	4600	-0.64	4.58	52.82
0.5	0.85	4773	-0.52	4.54	56.72
0.5	0.9	4951	-0.39	4.51	60.58
0.5	0.95	5130	-0.28	4.48	64.6
0.5	1	5294	-0.17	4.45	68.91
0.5	1.05	5446	-0.06	4.41	73.68
0.5	1.1	5595	0.04	4.37	78.7
0.5	1.15	5745	0.14	4.34	83.54
0.5	1.2	5909	0.24	4.31	88.35
0.6	0.0005	133	-8.52	3.1	7.24
0.6	0.001	191	-7.86	3.37	7.52
0.6	0.002	260	-7.3	3.65	7.75
0.6	0.003	304	-7.02	3.81	7.84
0.6	0.004	352	-6.76	3.93	7.86
0.6	0.005	389	-6.59	4.03	7.83
0.6	0.006	429	-6.42	4.12	7.79
0.6	0.007	463	-6.3	4.19	7.73
0.6	0.008	499	-6.18	4.26	7.68
0.6	0.009	537	-6.05	4.31	7.62
0.6	0.01	572	-5.95	4.36	7.57
0.6	0.012	714	-5.56	4.44	7.59
0.6	0.015	754	-5.5	4.57	7.36
0.6	0.02	891	-5.23	4.71	7.18
0.6	0.03	1182	-4.77	4.92	6.93
0.6	0.04	1498	-4.37	5.06	6.81
0.6	0.05	1783	-4.07	5.15	6.81
0.6	0.06	2038	-3.82	5.22	6.91
0.6	0.07	2261	-3.62	5.26	7.11
0.6	0.072	2309	-3.57	5.27	7.19
0.6	0.075	2375	-3.51	5.27	7.31
0.6	0.08	2473	-3.41	5.28	7.5
0.6	0.09	2659	-3.22	5.26	8.11
0.6	0.1	2794	-3.07	5.24	8.78
0.6	0.11	2922	-2.93	5.21	9.44
0.6	0.13	3054	-2.73	5.17	10.81
0.6	0.15	3149	-2.58	5.13	12.09
0.6	0.175	3234	-2.43	5.1	13.59
0.6	0.2	3290	-2.32	5.07	15.02
0.6	0.25	3373	-2.13	5.03	17.67
0.6	0.3	3437	-1.99	4.99	20.12
0.6	0.35	3477	-1.85	4.95	22.9
0.6	0.4	3525	-1.73	4.91	25.59
0.6	0.45	3585	-1.61	4.86	28.57
0.6	0.5	3651	-1.48	4.81	31.94
0.6	0.57	3798	-1.28	4.74	36.94
0.6	0.6	3885	-1.2	4.72	39.06
0.6	0.62	3949	-1.14	4.7	40.45
0.6	0.7	4210	-0.91	4.64	46.21
0.6	0.75	4417	-0.77	4.61	49.35
0.6	0.8	4600	-0.64	4.58	52.89
0.6	0.85	4774	-0.51	4.54	56.78
0.6	0.9	4952	-0.39	4.51	60.71
0.6	0.95	5131	-0.28	4.48	64.72
0.6	1	5297	-0.16	4.44	69.05
0.6	1.05	5448	-0.06	4.41	73.91
0.6	1.1	5596	0.05	4.37	78.97
0.6	1.15	5746	0.15	4.34	83.86
0.6	1.2	5912	0.25	4.31	88.79
0.7	0.0005	127	-8.61	3.11	7.21
0.7	0.001	181	-7.96	3.38	7.47
0.7	0.002	251	-7.37	3.65	7.71
0.7	0.003	292	-7.09	3.82	7.8
0.7	0.004	338	-6.84	3.94	7.82
0.7	0.005	375	-6.66	4.04	7.79
0.7	0.006	409	-6.51	4.12	7.74
0.7	0.007	448	-6.36	4.2	7.69
0.7	0.008	479	-6.25	4.26	7.63
0.7	0.009	510	-6.15	4.32	7.57
0.7	0.01	545	-6.04	4.37	7.52
0.7	0.012	665	-5.7	4.45	7.51
0.7	0.015	715	-5.59	4.57	7.3
0.7	0.02	854	-5.31	4.72	7.11
0.7	0.03	1126	-4.86	4.93	6.85
0.7	0.04	1429	-4.47	5.07	6.7
0.7	0.05	1708	-4.16	5.17	6.66
0.7	0.06	1968	-3.91	5.24	6.73
0.7	0.07	2207	-3.68	5.29	6.93
0.7	0.072	2256	-3.63	5.29	7
0.7	0.075	2331	-3.56	5.29	7.13
0.7	0.08	2446	-3.45	5.29	7.38
0.7	0.09	2644	-3.24	5.27	8
0.7	0.1	2789	-3.08	5.24	8.72
0.7	0.11	2921	-2.93	5.22	9.4
0.7	0.13	3054	-2.73	5.17	10.81
0.7	0.15	3149	-2.58	5.13	12.09
0.7	0.175	3234	-2.43	5.1	13.59
0.7	0.2	3290	-2.32	5.07	15.02
0.7	0.25	3373	-2.13	5.03	17.67
0.7	0.3	3437	-1.99	4.99	20.13
0.7	0.35	3477	-1.85	4.94	22.96
0.7	0.4	3524	-1.73	4.91	25.67
0.7	0.45	3584	-1.61	4.86	28.62
0.7	0.5	3650	-1.48	4.81	31.98
0.7	0.57	3798	-1.28	4.74	36.97
0.7	0.6	3885	-1.2	4.72	39.09
0.7	0.62	3948	-1.14	4.7	40.49
0.7	0.7	4209	-0.91	4.64	46.26
0.7	0.75	4417	-0.77	4.61	49.4
0.7	0.8	4600	-0.64	4.58	52.95
0.7	0.85	4774	-0.51	4.54	56.91
0.7	0.9	4953	-0.39	4.51	60.79
0.7	0.95	5132	-0.27	4.48	64.85
0.7	1	5298	-0.16	4.44	69.22
0.7	1.05	5449	-0.05	4.4	74.13
0.7	1.1	5598	0.05	4.37	79.23
0.7	1.15	5749	0.15	4.33	84.28
0.7	1.2	5916	0.25	4.3	89.21
0.7	1.4	6592	0.58	4.23	104.77
0.8	0.0005	120	-8.72	3.11	7.17
0.8	0.001	173	-8.04	3.38	7.44
0.8	0.002	241	-7.44	3.65	7.66
0.8	0.003	285	-7.14	3.82	7.76
0.8	0.004	324	-6.92	3.94	7.77
0.8	0.005	365	-6.71	4.04	7.76
0.8	0.006	396	-6.57	4.13	7.71
0.8	0.007	429	-6.44	4.2	7.64
0.8	0.008	464	-6.31	4.27	7.59
0.8	0.009	493	-6.21	4.32	7.53
0.8	0.01	525	-6.11	4.37	7.48
0.8	0.012	633	-5.79	4.46	7.46
0.8	0.015	686	-5.67	4.58	7.25
0.8	0.02	816	-5.4	4.73	7.05
0.8	0.03	1078	-4.94	4.94	6.79
0.8	0.04	1365	-4.56	5.08	6.62
0.8	0.05	1648	-4.24	5.19	6.56
0.8	0.06	1908	-3.98	5.26	6.59
0.8	0.07	2161	-3.74	5.3	6.78
0.8	0.072	2218	-3.68	5.31	6.87
0.8	0.075	2294	-3.61	5.31	6.99
0.8	0.08	2420	-3.48	5.3	7.26
0.8	0.09	2636	-3.25	5.28	7.94
0.8	0.1	2786	-3.08	5.24	8.7
0.8	0.11	2920	-2.93	5.22	9.4
0.8	0.13	3054	-2.73	5.17	10.8
0.8	0.15	3149	-2.58	5.13	12.09
0.8	0.175	3234	-2.43	5.1	13.59
0.8	0.2	3290	-2.32	5.07	15.02
0.8	0.25	3373	-2.13	5.03	17.67
0.8	0.3	3437	-1.99	4.99	20.14
0.8	0.35	3481	-1.86	4.96	22.61
0.8	0.4	3523	-1.73	4.9	25.72
0.8	0.45	3583	-1.61	4.86	28.66
0.8	0.5	3650	-1.48	4.81	32
0.8	0.57	3798	-1.28	4.74	37.01
0.8	0.6	3884	-1.2	4.72	39.13
0.8	0.62	3947	-1.14	4.7	40.53
0.8	0.7	4209	-0.91	4.64	46.3
0.8	0.75	4417	-0.77	4.61	49.45
0.8	0.8	4602	-0.64	4.58	53.02
0.8	0.85	4775	-0.51	4.54	56.97
0.8	0.9	4955	-0.39	4.51	60.89
0.8	0.95	5133	-0.27	4.47	64.98
0.8	1	5300	-0.16	4.44	69.36
0.8	1.05	5453	-0.05	4.4	74.37
0.8	1.1	5600	0.06	4.36	79.48
0.8	1.15	5750	0.16	4.33	84.61
0.8	1.2	5920	0.26	4.3	89.72
0.8	1.4	6580	0.59	4.22	106.13
0.9	0.0005	115	-8.79	3.11	7.15
0.9	0.001	166	-8.12	3.38	7.41
0.9	0.002	234	-7.5	3.66	7.63
0.9	0.003	277	-7.19	3.82	7.73
0.9	0.004	314	-6.98	3.95	7.74
0.9	0.005	354	-6.76	4.05	7.72
0.9	0.006	386	-6.62	4.13	7.67
0.9	0.007	415	-6.5	4.2	7.61
0.9	0.008	451	-6.37	4.27	7.56
0.9	0.009	480	-6.26	4.33	7.5
0.9	0.01	508	-6.17	4.38	7.45
0.9	0.012	603	-5.88	4.46	7.42
0.9	0.015	659	-5.75	4.58	7.21
0.9	0.02	789	-5.46	4.73	7.01
0.9	0.03	1039	-5.02	4.94	6.74
0.9	0.04	1309	-4.64	5.09	6.55
0.9	0.05	1596	-4.3	5.2	6.47
0.9	0.06	1851	-4.05	5.28	6.48
0.9	0.07	2121	-3.78	5.32	6.67
0.9	0.072	2179	-3.73	5.32	6.75
0.9	0.075	2264	-3.64	5.32	6.89
0.9	0.08	2397	-3.51	5.32	7.16
0.9	0.09	2630	-3.26	5.28	7.9
0.9	0.1	2785	-3.08	5.25	8.68
0.9	0.11	2919	-2.93	5.22	9.39
0.9	0.13	3054	-2.73	5.17	10.8
0.9	0.15	3149	-2.58	5.13	12.09
0.9	0.175	3234	-2.43	5.1	13.59
0.9	0.2	3290	-2.32	5.07	15.02
0.9	0.25	3373	-2.13	5.03	17.68
0.9	0.3	3437	-1.99	4.99	20.15
0.9	0.35	3479	-1.86	4.96	22.69
0.9	0.4	3523	-1.73	4.9	25.76
0.9	0.45	3583	-1.61	4.86	28.69
0.9	0.5	3649	-1.48	4.81	32.03
0.9	0.57	3798	-1.28	4.74	37.03
0.9	0.6	3883	-1.2	4.72	39.17
0.9	0.62	3947	-1.14	4.7	40.56
0.9	0.7	4209	-0.91	4.64	46.33
0.9	0.75	4418	-0.77	4.61	49.48
0.9	0.8	4602	-0.64	4.58	53.09
0.9	0.85	4776	-0.51	4.54	57.04
0.9	0.9	4957	-0.39	4.51	60.96
0.9	0.95	5136	-0.27	4.47	65.07
0.9	1	5302	-0.16	4.44	69.53
0.9	1.05	5454	-0.05	4.4	74.58
0.9	1.1	5601	0.06	4.36	79.75
0.9	1.15	5752	0.16	4.33	84.95
0.9	1.2	5924	0.26	4.29	90.15
0.9	1.4	6564	0.59	4.21	107.23
1	0.0005	111	-8.85	3.12	7.13
1	0.001	160	-8.19	3.39	7.39
1	0.002	226	-7.56	3.66	7.6
1	0.003	270	-7.24	3.83	7.69
1	0.004	304	-7.03	3.95	7.72
1	0.005	342	-6.83	4.05	7.68
1	0.006	377	-6.66	4.13	7.65
1	0.007	403	-6.56	4.21	7.59
1	0.008	438	-6.42	4.27	7.53
1	0.009	464	-6.33	4.33	7.47
1	0.01	491	-6.24	4.38	7.41
1	0.012	578	-5.96	4.47	7.37
1	0.015	628	-5.84	4.59	7.18
1	0.02	766	-5.51	4.74	6.98
1	0.03	1009	-5.07	4.95	6.7
1	0.04	1271	-4.7	5.1	6.5
1	0.05	1543	-4.37	5.21	6.39
1	0.06	1801	-4.11	5.29	6.38
1	0.07	2082	-3.83	5.33	6.57
1	0.072	2140	-3.77	5.34	6.64
1	0.075	2234	-3.68	5.33	6.79
1	0.08	2383	-3.53	5.32	7.1
1	0.09	2627	-3.27	5.28	7.87
1	0.1	2784	-3.08	5.25	8.67
1	0.11	2919	-2.93	5.22	9.39
1	0.13	3054	-2.73	5.17	10.8
1	0.15	3149	-2.58	5.13	12.09
1	0.175	3234	-2.43	5.1	13.59
1	0.2	3290	-2.32	5.07	15.02
1	0.25	3374	-2.13	5.03	17.67
1	0.3	3437	-1.98	4.99	20.16
1	0.35	3478	-1.86	4.95	22.82
1	0.4	3522	-1.73	4.9	25.81
1	0.45	3583	-1.61	4.86	28.71
1	0.5	3649	-1.48	4.81	32.05
1	0.57	3798	-1.28	4.74	37.07
1	0.6	3883	-1.2	4.71	39.19
1	0.62	3946	-1.14	4.7	40.6
1	0.7	4209	-0.91	4.64	46.37
1	0.75	4418	-0.77	4.61	49.53
1	0.8	4603	-0.64	4.58	53.14
1	0.85	4777	-0.51	4.54	57.1
1	0.9	4958	-0.39	4.51	61.05
1	0.95	5138	-0.27	4.47	65.18
1	1	5304	-0.15	4.44	69.74
1	1.05	5456	-0.04	4.4	74.78
1	1.1	5604	0.06	4.36	80
1	1.15	5754	0.16	4.32	85.26
1	1.2	5928	0.27	4.29	90.59
1	1.4	6554	0.6	4.2	108.33
2	0.001	125	-8.63	3.4	7.26
2	0.002	180	-7.97	3.68	7.44
2	0.003	223	-7.59	3.85	7.52
2	0.004	257	-7.34	3.97	7.53
2	0.005	285	-7.16	4.07	7.51
2	0.006	311	-7.02	4.16	7.46
2	0.007	341	-6.87	4.23	7.4
2	0.008	365	-6.75	4.29	7.35
2	0.009	387	-6.66	4.35	7.29
2	0.01	409	-6.57	4.4	7.24
2	0.012	469	-6.34	4.49	7.16
2	0.015	514	-6.2	4.61	7
2	0.02	610	-5.93	4.76	6.79
2	0.03	824	-5.46	4.98	6.45
2	0.04	1021	-5.12	5.14	6.2
2	0.05	1232	-4.82	5.26	6
2	0.06	1471	-4.53	5.36	5.9
2	0.07	1844	-4.11	5.4	6.07
2	0.072	1941	-4	5.4	6.18
2	0.075	2095	-3.84	5.38	6.41
2	0.08	2327	-3.59	5.35	6.89
2	0.09	2621	-3.28	5.29	7.84
2	0.1	2784	-3.08	5.25	8.67
2	0.11	2920	-2.93	5.22	9.39
2	0.13	3054	-2.73	5.17	10.8
2	0.15	3150	-2.58	5.13	12.09
2	0.175	3234	-2.43	5.1	13.59
2	0.2	3291	-2.32	5.07	15.03
2	0.25	3374	-2.13	5.02	17.73
2	0.3	3437	-1.98	4.98	20.3
2	0.35	3478	-1.85	4.95	22.87
2	0.4	3521	-1.72	4.9	25.98
2	0.45	3582	-1.6	4.86	28.87
2	0.5	3648	-1.47	4.81	32.23
2	0.57	3797	-1.28	4.74	37.27
2	0.6	3883	-1.19	4.71	39.41
2	0.62	3948	-1.13	4.69	40.8
2	0.7	4215	-0.9	4.63	46.66
2	0.75	4427	-0.76	4.6	49.88
2	0.8	4614	-0.62	4.57	53.61
2	0.85	4792	-0.49	4.53	57.76
2	0.9	4977	-0.37	4.49	61.89
2	0.95	5162	-0.24	4.46	66.34
2	1	5328	-0.12	4.42	71.38
2	1.05	5480	-0.01	4.37	77.02
2	1.1	5629	0.1	4.33	83.08
2	1.15	5777	0.21	4.28	89.23
2	1.2	5965	0.33	4.24	96.16
2	1.4	6311	0.66	4.07	125.37
3	0.001	107	-8.91	3.41	7.2
3	0.002	156	-8.23	3.69	7.36
3	0.003	195	-7.84	3.86	7.43
3	0.004	229	-7.56	3.98	7.44
3	0.005	257	-7.36	4.08	7.41
3	0.006	281	-7.21	4.17	7.36
3	0.007	302	-7.09	4.24	7.31
3	0.008	327	-6.96	4.31	7.25
3	0.009	350	-6.85	4.36	7.2
3	0.01	370	-6.76	4.41	7.14
3	0.012	414	-6.57	4.5	7.06
3	0.015	462	-6.4	4.62	6.9
3	0.02	544	-6.14	4.77	6.7
3	0.03	713	-5.72	5	6.34
3	0.04	901	-5.35	5.16	6.06
3	0.05	1085	-5.06	5.29	5.84
3	0.06	1298	-4.77	5.39	5.71
3	0.07	1708	-4.27	5.43	5.86
3	0.072	1836	-4.13	5.43	5.99
3	0.075	2041	-3.9	5.4	6.28
3	0.08	2321	-3.6	5.35	6.86
3	0.09	2622	-3.28	5.29	7.83
3	0.1	2784	-3.08	5.25	8.67
3	0.11	2920	-2.93	5.22	9.39
3	0.13	3054	-2.73	5.17	10.8
3	0.15	3150	-2.58	5.13	12.09
3	0.175	3234	-2.43	5.1	13.6
3	0.2	3291	-2.31	5.07	15.04
3	0.25	3374	-2.12	5.02	17.8
3	0.3	3436	-1.97	4.98	20.47
3	0.35	3477	-1.85	4.94	23.03
3	0.4	3521	-1.72	4.89	26.06
3	0.45	3581	-1.6	4.85	29
3	0.5	3648	-1.47	4.8	32.35
3	0.57	3798	-1.27	4.73	37.4
3	0.6	3886	-1.19	4.71	39.55
3	0.62	3951	-1.13	4.69	40.98
3	0.7	4222	-0.89	4.63	46.9
3	0.75	4437	-0.75	4.6	50.19
3	0.8	4627	-0.61	4.56	54.04
3	0.85	4808	-0.48	4.52	58.35
3	0.9	4999	-0.35	4.48	62.71
3	0.95	5184	-0.22	4.44	67.57
3	1	5352	-0.1	4.39	73.21
3	1.05	5506	0.03	4.34	79.71
3	1.1	5653	0.15	4.29	86.63
3	1.15	5796	0.26	4.24	94.07
3	1.2	5927	0.39	4.17	104.14
3	1.3	5957	0.55	4.05	123.54
4	0.002	140	-8.42	3.7	7.32
4	0.003	176	-8.02	3.86	7.38
4	0.004	208	-7.73	3.99	7.38
4	0.005	236	-7.51	4.09	7.35
4	0.006	261	-7.35	4.17	7.3
4	0.007	281	-7.22	4.25	7.24
4	0.008	300	-7.12	4.31	7.19
4	0.009	323	-7	4.37	7.13
4	0.01	343	-6.89	4.42	7.08
4	0.012	383	-6.71	4.51	7
4	0.015	426	-6.55	4.63	6.84
4	0.02	499	-6.3	4.78	6.64
4	0.03	652	-5.89	5	6.28
4	0.04	820	-5.53	5.17	5.98
4	0.05	994	-5.23	5.3	5.75
4	0.06	1190	-4.94	5.41	5.6
4	0.07	1603	-4.4	5.45	5.73
4	0.072	1766	-4.21	5.44	5.88
4	0.075	2017	-3.93	5.41	6.24
4	0.08	2320	-3.6	5.35	6.86
4	0.09	2622	-3.28	5.29	7.84
4	0.1	2784	-3.08	5.25	8.67
4	0.11	2920	-2.93	5.22	9.39
4	0.13	3054	-2.73	5.17	10.81
4	0.15	3151	-2.58	5.13	12.09
4	0.175	3235	-2.43	5.1	13.61
4	0.2	3292	-2.31	5.07	15.06
4	0.25	3375	-2.12	5.02	17.87
4	0.3	3436	-1.97	4.97	20.61
4	0.35	3476	-1.84	4.94	23.22
4	0.4	3522	-1.72	4.89	26.12
4	0.45	3581	-1.6	4.85	29.08
4	0.5	3648	-1.47	4.8	32.45
4	0.57	3801	-1.27	4.73	37.51
4	0.6	3890	-1.18	4.7	39.68
4	0.62	3955	-1.12	4.69	41.12
4	0.7	4231	-0.89	4.62	47.1
4	0.75	4448	-0.74	4.59	50.49
4	0.8	4641	-0.6	4.55	54.48
4	0.85	4825	-0.46	4.51	59.02
4	0.9	5021	-0.33	4.47	63.64
4	0.95	5210	-0.19	4.42	68.97
4	1	5375	-0.06	4.37	75.42
4	1.05	5528	0.07	4.31	82.86
4	1.1	5675	0.2	4.24	91.25
4	1.15	5782	0.32	4.18	100.65
4	1.2	5677	0.41	4.07	116.76
5	0.002	129	-8.57	3.7	7.29
5	0.003	162	-8.17	3.87	7.34
5	0.004	193	-7.87	3.99	7.34
5	0.005	220	-7.64	4.1	7.3
5	0.006	244	-7.47	4.18	7.25
5	0.007	265	-7.33	4.25	7.2
5	0.008	284	-7.22	4.32	7.14
5	0.009	301	-7.12	4.38	7.09
5	0.01	322	-7.01	4.43	7.03
5	0.012	361	-6.82	4.52	6.94
5	0.015	399	-6.67	4.63	6.8
5	0.02	473	-6.4	4.79	6.59
5	0.03	610	-6.01	5.01	6.23
5	0.04	760	-5.67	5.18	5.93
5	0.05	931	-5.35	5.31	5.68
5	0.06	1120	-5.06	5.42	5.52
5	0.07	1524	-4.5	5.47	5.64
5	0.072	1712	-4.28	5.45	5.8
5	0.075	2006	-3.94	5.41	6.21
5	0.08	2320	-3.6	5.35	6.86
5	0.09	2622	-3.28	5.29	7.84
5	0.1	2785	-3.08	5.25	8.67
5	0.11	2921	-2.93	5.22	9.39
5	0.13	3055	-2.73	5.17	10.81
5	0.15	3151	-2.58	5.13	12.1
5	0.175	3235	-2.43	5.1	13.62
5	0.2	3292	-2.31	5.07	15.09
5	0.25	3376	-2.12	5.01	17.95
5	0.3	3436	-1.96	4.97	20.74
5	0.35	3475	-1.84	4.93	23.38
5	0.4	3522	-1.71	4.89	26.2
5	0.45	3582	-1.59	4.85	29.14
5	0.5	3649	-1.46	4.8	32.53
5	0.57	3804	-1.27	4.73	37.62
5	0.6	3893	-1.18	4.7	39.81
5	0.62	3960	-1.12	4.68	41.24
5	0.7	4239	-0.88	4.62	47.32
5	0.75	4460	-0.73	4.59	50.79
5	0.8	4654	-0.59	4.55	54.95
5	0.85	4843	-0.45	4.5	59.68
5	0.9	5043	-0.31	4.46	64.64
5	0.95	5234	-0.17	4.4	70.61
5	1	5399	-0.03	4.34	77.93
5	1.05	5551	0.12	4.27	86.9
5	1.1	5665	0.25	4.19	97.29
5	1.15	5632	0.34	4.1	109.62
6	0.002	120	-8.69	3.7	7.26
6	0.003	151	-8.29	3.87	7.31
6	0.004	180	-7.99	4	7.3
6	0.005	207	-7.75	4.1	7.27
6	0.006	231	-7.57	4.18	7.21
6	0.007	252	-7.43	4.26	7.16
6	0.008	271	-7.3	4.32	7.1
6	0.009	288	-7.2	4.38	7.05
6	0.01	304	-7.12	4.43	7
6	0.012	343	-6.92	4.52	6.91
6	0.015	382	-6.75	4.64	6.77
6	0.02	450	-6.49	4.79	6.56
6	0.03	580	-6.1	5.02	6.19
6	0.04	716	-5.78	5.19	5.89
6	0.05	885	-5.45	5.32	5.64
6	0.06	1070	-5.15	5.43	5.46
6	0.07	1463	-4.59	5.48	5.57
6	0.072	1669	-4.33	5.46	5.74
6	0.075	2001	-3.95	5.41	6.2
6	0.08	2321	-3.6	5.35	6.86
6	0.09	2623	-3.27	5.29	7.84
6	0.1	2785	-3.08	5.25	8.67
6	0.11	2921	-2.93	5.22	9.4
6	0.13	3055	-2.73	5.17	10.81
6	0.15	3151	-2.58	5.13	12.1
6	0.175	3236	-2.43	5.1	13.63
6	0.2	3292	-2.31	5.07	15.11
6	0.25	3377	-2.11	5.01	18.02
6	0.3	3436	-1.96	4.96	20.84
6	0.35	3475	-1.83	4.92	23.49
6	0.4	3522	-1.71	4.89	26.25
6	0.45	3582	-1.59	4.84	29.21
6	0.5	3650	-1.46	4.8	32.6
6	0.57	3806	-1.26	4.73	37.72
6	0.6	3897	-1.17	4.7	39.92
6	0.62	3965	-1.11	4.68	41.37
6	0.7	4248	-0.87	4.61	47.52
6	0.75	4472	-0.72	4.58	51.09
6	0.8	4668	-0.57	4.54	55.44
6	0.85	4862	-0.43	4.49	60.4
6	0.9	5068	-0.28	4.44	65.74
6	0.95	5258	-0.14	4.38	72.44
6	1	5421	0.02	4.3	81.16
6	1.05	5555	0.17	4.22	92.07
6	1.1	5536	0.27	4.13	104.46
7	0.002	114	-8.8	3.7	7.25
7	0.003	143	-8.39	3.87	7.29
7	0.004	170	-8.09	4	7.28
7	0.005	196	-7.85	4.1	7.24
7	0.006	219	-7.66	4.19	7.18
7	0.007	240	-7.51	4.26	7.13
7	0.008	259	-7.38	4.33	7.07
7	0.009	276	-7.28	4.38	7.02
7	0.01	292	-7.19	4.44	6.97
7	0.012	327	-7	4.53	6.88
7	0.015	366	-6.83	4.64	6.74
7	0.02	431	-6.57	4.79	6.53
7	0.03	556	-6.18	5.02	6.16
7	0.04	688	-5.85	5.19	5.86
7	0.05	847	-5.53	5.33	5.6
7	0.06	1029	-5.22	5.43	5.41
7	0.07	1411	-4.66	5.48	5.52
7	0.072	1632	-4.38	5.47	5.7
7	0.075	1998	-3.95	5.41	6.2
7	0.08	2321	-3.6	5.35	6.86
7	0.09	2623	-3.27	5.29	7.84
7	0.1	2785	-3.08	5.25	8.67
7	0.11	2921	-2.93	5.22	9.39
7	0.13	3056	-2.73	5.17	10.81
7	0.15	3151	-2.58	5.13	12.11
7	0.175	3236	-2.43	5.1	13.64
7	0.2	3293	-2.31	5.06	15.14
7	0.25	3378	-2.11	5.01	18.08
7	0.3	3436	-1.95	4.96	20.93
7	0.35	3475	-1.83	4.92	23.59
7	0.4	3523	-1.71	4.89	26.29
7	0.45	3583	-1.59	4.84	29.26
7	0.5	3651	-1.46	4.79	32.67
7	0.57	3810	-1.26	4.72	37.81
7	0.6	3900	-1.17	4.7	40.04
7	0.62	3968	-1.11	4.68	41.51
7	0.7	4257	-0.86	4.61	47.74
7	0.75	4483	-0.71	4.58	51.42
7	0.8	4682	-0.56	4.53	55.94
7	0.85	4881	-0.41	4.48	61.15
7	0.9	5091	-0.26	4.42	67.02
7	0.95	5281	-0.1	4.35	74.73
7	1	5439	0.06	4.26	85.06
7	1.05	5518	0.22	4.16	98.66
8	0.002	108	-8.88	3.7	7.23
8	0.003	136	-8.48	3.88	7.28
8	0.004	162	-8.18	4	7.26
8	0.005	187	-7.94	4.11	7.22
8	0.006	209	-7.75	4.19	7.16
8	0.007	230	-7.59	4.26	7.1
8	0.008	249	-7.46	4.33	7.05
8	0.009	267	-7.35	4.39	6.99
8	0.01	282	-7.25	4.44	6.94
8	0.012	314	-7.08	4.53	6.85
8	0.015	353	-6.89	4.65	6.71
8	0.02	414	-6.64	4.8	6.51
8	0.03	536	-6.24	5.02	6.14
8	0.04	668	-5.91	5.19	5.83
8	0.05	818	-5.6	5.33	5.57
8	0.06	995	-5.29	5.44	5.37
8	0.07	1366	-4.72	5.49	5.47
8	0.072	1602	-4.41	5.47	5.67
8	0.075	1997	-3.95	5.41	6.19
8	0.08	2321	-3.6	5.35	6.86
8	0.09	2624	-3.27	5.29	7.84
8	0.1	2785	-3.08	5.25	8.67
8	0.11	2921	-2.93	5.22	9.4
8	0.13	3056	-2.73	5.17	10.81
8	0.15	3152	-2.58	5.13	12.11
8	0.175	3237	-2.43	5.1	13.65
8	0.2	3293	-2.31	5.06	15.17
8	0.25	3378	-2.11	5	18.15
8	0.3	3436	-1.95	4.96	21
8	0.35	3475	-1.83	4.92	23.68
8	0.4	3523	-1.71	4.88	26.33
8	0.45	3583	-1.59	4.84	29.3
8	0.5	3652	-1.46	4.79	32.74
8	0.57	3812	-1.26	4.72	37.91
8	0.6	3905	-1.16	4.69	40.15
8	0.62	3973	-1.1	4.68	41.64
8	0.7	4266	-0.86	4.61	47.95
8	0.75	4495	-0.7	4.57	51.76
8	0.8	4696	-0.55	4.52	56.5
8	0.85	4901	-0.39	4.47	62.02
8	0.9	5116	-0.23	4.41	68.41
8	0.95	5304	-0.06	4.32	77.45
8	1	5433	0.11	4.21	89.97
9	0.002	103	-8.96	3.71	7.22
9	0.003	130	-8.56	3.88	7.26
9	0.004	155	-8.26	4	7.25
9	0.005	179	-8.02	4.11	7.2
9	0.006	201	-7.82	4.19	7.14
9	0.007	221	-7.66	4.27	7.08
9	0.008	240	-7.52	4.33	7.03
9	0.009	257	-7.41	4.39	6.97
9	0.01	273	-7.31	4.44	6.92
9	0.012	302	-7.15	4.53	6.83
9	0.015	341	-6.96	4.65	6.69
9	0.02	400	-6.71	4.8	6.48
9	0.03	519	-6.31	5.03	6.12
9	0.04	650	-5.96	5.2	5.81
9	0.05	795	-5.65	5.33	5.54
9	0.06	966	-5.34	5.45	5.34
9	0.07	1325	-4.78	5.5	5.43
9	0.072	1578	-4.44	5.48	5.64
9	0.075	1997	-3.95	5.41	6.19
9	0.08	2322	-3.6	5.35	6.86
9	0.09	2624	-3.27	5.29	7.84
9	0.1	2786	-3.08	5.25	8.67
9	0.11	2922	-2.93	5.22	9.4
9	0.13	3056	-2.73	5.17	10.82
9	0.15	3152	-2.58	5.13	12.12
9	0.175	3237	-2.43	5.09	13.67
9	0.2	3294	-2.3	5.06	15.2
9	0.25	3378	-2.1	5	18.21
9	0.3	3436	-1.95	4.95	21.07
9	0.35	3475	-1.82	4.92	23.74
9	0.4	3523	-1.71	4.88	26.37
9	0.45	3584	-1.59	4.84	29.34
9	0.5	3653	-1.46	4.79	32.79
9	0.57	3816	-1.25	4.72	37.99
9	0.6	3909	-1.16	4.69	40.25
9	0.62	3977	-1.1	4.67	41.77
9	0.7	4275	-0.85	4.6	48.18
9	0.75	4507	-0.69	4.56	52.11
9	0.8	4710	-0.53	4.51	57.08
9	0.85	4922	-0.37	4.45	62.91
9	0.9	5142	-0.2	4.39	70.09
9	0.95	5321	-0.02	4.28	80.97
9	1	5398	0.16	4.15	96.71
10	0.003	125	-8.63	3.88	7.25
10	0.004	149	-8.33	4.01	7.23
10	0.005	172	-8.09	4.11	7.18
10	0.006	193	-7.89	4.2	7.13
10	0.007	213	-7.72	4.27	7.07
10	0.008	232	-7.58	4.33	7.01
10	0.009	249	-7.47	4.39	6.95
10	0.01	265	-7.37	4.44	6.9
10	0.012	293	-7.2	4.54	6.81
10	0.015	330	-7.02	4.65	6.67
10	0.02	389	-6.76	4.8	6.47
10	0.03	504	-6.36	5.03	6.1
10	0.04	634	-6	5.2	5.79
10	0.05	776	-5.69	5.34	5.52
10	0.06	941	-5.39	5.45	5.31
10	0.07	1289	-4.83	5.5	5.4
10	0.072	1556	-4.47	5.48	5.62
10	0.075	1997	-3.95	5.41	6.19
10	0.08	2322	-3.6	5.35	6.87
10	0.09	2624	-3.27	5.29	7.84
10	0.1	2786	-3.08	5.25	8.67
10	0.11	2922	-2.93	5.22	9.4
10	0.13	3056	-2.73	5.17	10.81
10	0.15	3153	-2.58	5.13	12.12
10	0.175	3237	-2.43	5.09	13.68
10	0.2	3295	-2.3	5.06	15.23
10	0.25	3378	-2.1	5	18.26
10	0.3	3436	-1.94	4.95	21.13
10	0.35	3475	-1.82	4.91	23.8
10	0.4	3524	-1.71	4.88	26.4
10	0.45	3584	-1.58	4.84	29.39
10	0.5	3654	-1.45	4.79	32.85
10	0.57	3819	-1.25	4.72	38.07
10	0.6	3914	-1.16	4.69	40.36
10	0.62	3982	-1.09	4.67	41.9
10	0.7	4284	-0.84	4.6	48.41
10	0.75	4520	-0.68	4.56	52.46
10	0.8	4725	-0.52	4.5	57.7
10	0.85	4945	-0.35	4.44	63.92
10	0.9	5165	-0.17	4.36	72.11
10	0.95	5322	0.03	4.24	85.06
12	0.003	117	-8.75	3.88	7.23
12	0.004	139	-8.45	4.01	7.21
12	0.005	160	-8.21	4.11	7.16
12	0.006	181	-8.01	4.2	7.1
12	0.008	218	-7.7	4.34	6.98
12	0.009	235	-7.57	4.4	6.92
12	0.01	251	-7.47	4.45	6.87
12	0.012	279	-7.29	4.54	6.78
12	0.015	311	-7.12	4.65	6.64
12	0.02	370	-6.85	4.81	6.44
12	0.03	484	-6.43	5.03	6.07
12	0.04	608	-6.08	5.21	5.75
12	0.05	744	-5.78	5.34	5.48
12	0.06	897	-5.49	5.46	5.26
12	0.07	1236	-4.91	5.51	5.34
12	0.072	1520	-4.52	5.49	5.58
12	0.075	1997	-3.95	5.41	6.19
12	0.08	2323	-3.6	5.35	6.86
12	0.09	2625	-3.27	5.29	7.84
12	0.1	2787	-3.08	5.25	8.68
12	0.11	2923	-2.93	5.22	9.4
12	0.13	3057	-2.73	5.17	10.82
12	0.15	3154	-2.58	5.13	12.13
12	0.175	3238	-2.42	5.09	13.72
12	0.2	3295	-2.3	5.05	15.29
12	0.25	3379	-2.1	4.99	18.35
12	0.3	3436	-1.94	4.95	21.22
12	0.35	3475	-1.82	4.91	23.88
12	0.4	3525	-1.7	4.88	26.46
12	0.45	3586	-1.58	4.84	29.47
12	0.5	3657	-1.45	4.79	32.97
12	0.6	3923	-1.15	4.68	40.56
12	0.7	4301	-0.83	4.59	48.91
12	0.75	4545	-0.66	4.55	53.26
12	0.8	4757	-0.49	4.48	59.1
12	0.85	4993	-0.3	4.41	66.34
12	0.9	5205	-0.09	4.3	77.67