 #atmflag =           -2 , [M/H] = 0.00, clear
 #Conversion factor  L_{Jupiter} = 8.710e-10 x L_{Sun} with L_{Sun} = 3.846e+33 erg/s
 #1:log(Age/yr), 2:Mass/Mearth, 3:Radius/Rjupiter, 4:Luminosity/Ljupiter, 5:Teff/K, 6:logg/cgs, 7:NACOJ, 8:NACOH, 9:NACOKs, 10:NACOLp, 11:NACOMp, 12:CousinsR, 13:CousinsI, 14:WISE1, 15:WISE2, 16:WISE3, 17:WISE4, 18:F115W, 19:F150W, 20:F200W, 21:F277W, 22:F356W, 23:F444W, 24:F560W, 25:F770W, 26:F1000W, 27:F1280W, 28:F1500W, 29:F1800W, 30:F2100W, 31:F2550W, 32:VISIRB87, 33:VISIRSiC, 34:SPHEREY, 35:SPHEREJ, 36:SPHEREH, 37:SPHEREKs, 38:SPHEREJ2, 39:SPHEREJ3, 40:SPHEREH2, 41:SPHEREH3, 42:SPHEREK1, 43:SPHEREK2
         6.2       636.0       1.253   15625.227     978.172       3.500       14.75       15.12       14.59       13.12       11.70       23.54       19.47       14.58       11.79       10.62       10.33       14.75       15.43       14.85       14.86       14.12       11.94       12.13       12.08       10.56       10.23       10.28       10.31       10.33       10.31       11.15       10.26       14.91       14.74       15.04       14.63       15.76       13.81       14.15       16.12       13.95       17.19
         6.3       636.0       1.243   13314.741     943.521       3.507       14.93       15.32       14.79       13.28       11.78       23.78       19.70       14.78       11.89       10.72       10.41       14.93       15.62       15.07       15.11       14.29       12.05       12.29       12.23       10.69       10.33       10.37       10.39       10.41       10.39       11.25       10.37       15.11       14.91       15.23       14.82       16.02       13.96       14.30       16.51       14.14       17.49
         6.4       636.0       1.233   11221.168     907.708       3.514       15.12       15.53       15.01       13.44       11.87       24.03       19.93       14.99       12.00       10.85       10.50       15.13       15.82       15.31       15.38       14.47       12.16       12.47       12.39       10.83       10.46       10.47       10.48       10.50       10.48       11.38       10.51       15.33       15.11       15.44       15.04       16.30       14.12       14.47       16.90       14.35       17.81
         6.5       636.0       1.222    9343.497     870.703       3.521       15.33       15.75       15.26       13.60       11.97       24.31       20.18       15.20       12.11       10.99       10.58       15.35       16.04       15.59       15.66       14.64       12.28       12.65       12.55       10.98       10.59       10.58       10.56       10.59       10.57       11.51       10.66       15.56       15.32       15.66       15.28       16.62       14.30       14.65       17.31       14.59       18.13
         6.6       636.0       1.212    7676.920     832.466       3.528       15.56       16.00       15.55       13.77       12.08       24.62       20.44       15.42       12.23       11.14       10.67       15.58       16.29       15.89       15.95       14.82       12.40       12.83       12.71       11.16       10.75       10.69       10.65       10.67       10.66       11.65       10.83       15.81       15.55       15.90       15.56       16.98       14.49       14.85       17.73       14.87       18.47
         6.7       636.0       1.202    6217.005     793.035       3.536       15.81       16.26       15.87       13.94       12.20       24.98       20.74       15.65       12.36       11.30       10.77       15.84       16.56       16.24       16.27       15.01       12.54       13.04       12.90       11.35       10.93       10.82       10.75       10.77       10.75       11.82       11.02       16.08       15.80       16.16       15.87       17.39       14.71       15.08       18.16       15.18       18.84
         6.8       636.0       1.192    4958.379     752.551       3.543       16.09       16.56       16.24       14.13       12.33       25.37       21.07       15.90       12.51       11.48       10.87       16.12       16.87       16.61       16.61       15.21       12.69       13.26       13.09       11.55       11.12       10.96       10.85       10.87       10.85       12.00       11.22       16.38       16.09       16.46       16.22       17.84       14.95       15.34       18.59       15.52       19.23
         6.9       636.0       1.182    3894.509     711.339       3.550       16.40       16.88       16.63       14.34       12.48       25.77       21.42       16.17       12.67       11.69       10.97       16.42       17.19       17.02       17.00       15.43       12.86       13.50       13.32       11.79       11.34       11.12       10.96       10.98       10.96       12.21       11.45       16.70       16.39       16.78       16.60       18.33       15.21       15.61       19.02       15.90       19.67
         7.0       636.0       1.173    3014.407     669.824       3.557       16.72       17.22       17.06       14.56       12.64       26.17       21.80       16.46       12.84       11.90       11.09       16.74       17.54       17.47       17.41       15.66       13.04       13.76       13.57       12.04       11.57       11.28       11.08       11.09       11.08       12.44       11.69       17.05       16.71       17.12       17.02       18.84       15.50       15.91       19.46       16.30       20.14
         7.1       636.0       1.165    2309.370     629.002       3.563       17.07       17.59       17.55       14.80       12.81       26.59       22.22       16.78       13.02       12.13       11.21       17.09       17.91       17.96       17.88       15.92       13.23       14.04       13.83       12.31       11.81       11.45       11.21       11.21       11.20       12.69       11.94       17.43       17.06       17.49       17.49       19.38       15.81       16.23       19.92       16.77       20.68
         7.2       636.0       1.156    1773.656     590.923       3.569       17.43       17.98       18.08       15.05       13.00       26.99       22.66       17.11       13.22       12.34       11.32       17.45       18.30       18.50       18.36       16.18       13.44       14.31       14.08       12.57       12.04       11.61       11.33       11.33       11.31       12.94       12.18       17.82       17.43       17.88       18.00       19.93       16.14       16.56       20.41       17.27       21.25
         7.3       636.0       1.149    1373.111     556.179       3.575       17.80       18.37       18.63       15.30       13.19       27.37       23.10       17.41       13.42       12.52       11.41       17.82       18.70       19.06       18.83       16.45       13.64       14.56       14.29       12.80       12.25       11.75       11.44       11.43       11.40       13.14       12.38       18.23       17.80       18.28       18.53       20.46       16.48       16.90       20.90       17.79       21.80
         7.4       636.0       1.141    1066.715     523.875       3.581       18.19       18.79       19.22       15.56       13.38       27.71       23.54       17.73       13.63       12.70       11.51       18.22       19.11       19.66       19.31       16.72       13.86       14.82       14.51       13.03       12.44       11.88       11.56       11.53       11.50       13.35       12.57       18.66       18.19       18.69       19.11       21.01       16.84       17.26       21.41       18.36       22.38
         7.5       636.0       1.134     838.275     494.830       3.587       18.59       19.19       19.81       15.83       13.58       27.99       23.94       18.04       13.83       12.87       11.61       18.63       19.52       20.26       19.78       16.99       14.07       15.07       14.72       13.26       12.63       12.01       11.67       11.63       11.59       13.56       12.76       19.11       18.58       19.10       19.68       21.54       17.22       17.61       21.90       18.93       22.95
         7.6       636.0       1.126     673.801     470.038       3.592       18.98       19.57       20.38       16.07       13.75       28.22       24.28       18.32       14.02       13.03       11.69       19.03       19.90       20.82       20.21       17.24       14.26       15.30       14.92       13.46       12.80       12.13       11.78       11.72       11.68       13.75       12.93       19.56       18.97       19.48       20.24       22.02       17.59       17.95       22.36       19.48       23.48
         7.7       636.0       1.119     555.999     449.463       3.598       19.34       19.92       20.90       16.29       13.92       28.40       24.55       18.58       14.19       13.17       11.78       19.41       20.25       21.35       20.61       17.48       14.44       15.52       15.10       13.65       12.95       12.24       11.88       11.81       11.75       13.92       13.08       19.97       19.34       19.82       20.75       22.47       17.95       18.26       22.78       20.00       23.98
         7.8       636.0       1.111     465.980     431.529       3.604       19.71       20.26       21.42       16.51       14.08       28.56       24.77       18.84       14.35       13.31       11.85       19.78       20.59       21.87       20.99       17.70       14.61       15.72       15.27       13.84       13.11       12.35       11.97       11.89       11.83       14.09       13.23       20.38       19.70       20.16       21.26       22.90       18.30       18.56       23.18       20.50       24.47
         7.9       636.0       1.103     390.319     414.331       3.610       20.09       20.61       21.97       16.74       14.25       28.71       24.98       19.10       14.53       13.46       11.94       20.17       20.94       22.42       21.39       17.94       14.78       15.94       15.45       14.04       13.27       12.47       12.08       11.98       11.91       14.27       13.39       20.79       20.08       20.52       21.81       23.36       18.68       18.89       23.61       21.05       24.98
         8.0       636.0       1.095     323.665     396.886       3.617       20.52       20.99       22.59       16.99       14.43       28.87       25.18       19.40       14.71       13.62       12.02       20.60       21.33       23.04       21.83       18.21       14.97       16.17       15.65       14.26       13.45       12.60       12.19       12.08       11.99       14.46       13.57       21.24       20.51       20.90       22.42       23.86       19.09       19.25       24.08       21.67       25.56
         8.1       636.0       1.086     264.621     378.883       3.624       20.99       21.43       23.29       17.27       14.63       29.04       25.38       19.74       14.92       13.80       12.12       21.08       21.76       23.74       22.33       18.51       15.18       16.43       15.88       14.51       13.65       12.74       12.33       12.18       12.09       14.68       13.76       21.71       20.99       21.34       23.12       24.44       19.55       19.66       24.60       22.37       26.20
         8.2       636.0       1.078     213.992     360.736       3.631       21.54       21.91       24.09       17.58       14.84       29.24       25.59       20.11       15.13       14.00       12.23       21.61       22.24       24.53       22.89       18.84       15.40       16.72       16.12       14.79       13.88       12.90       12.47       12.30       12.18       14.93       13.98       22.22       21.53       21.82       23.91       25.09       20.07       20.12       25.19       23.17       26.92
         8.3       636.0       1.069     171.825     342.867       3.638       22.15       22.43       24.98       17.91       15.08       29.47       25.84       20.52       15.36       14.21       12.34       22.19       22.77       25.42       23.49       19.21       15.63       17.03       16.37       15.09       14.13       13.08       12.63       12.42       12.29       15.19       14.22       22.76       22.14       22.34       24.80       25.82       20.67       20.63       25.83       24.07       27.70
         8.4       636.0       1.060     137.499     325.612       3.645       22.83       23.00       25.95       18.27       15.32       29.73       26.12       20.96       15.60       14.44       12.46       22.85       23.33       26.39       24.14       19.61       15.87       17.35       16.64       15.42       14.40       13.27       12.81       12.55       12.39       15.47       14.48       23.35       22.83       22.91       25.77       26.63       21.33       21.19       26.51       25.05       28.53
         8.5       636.0       1.052     110.039     309.230       3.652       23.58       23.60       27.01       18.65       15.58       30.01       26.43       21.42       15.85       14.68       12.59       23.57       23.94       27.43       24.82       20.03       16.12       17.70       16.92       15.76       14.69       13.48       13.00       12.69       12.50       15.76       14.75       24.01       23.58       23.51       26.82       27.51       22.06       21.78       27.24       26.11       29.37
         8.6       636.0       1.043      88.001     293.622       3.659       24.41       24.26       28.15       19.04       15.84       30.29       26.79       21.92       16.11       14.93       12.72       24.38       24.59       28.54       25.54       20.47       16.38       18.05       17.21       16.13       15.00       13.70       13.19       12.84       12.61       16.07       15.03       24.77       24.41       24.17       27.95       28.44       22.87       22.43       28.01       27.26       30.24
         8.7       636.0       1.035      69.834     278.271       3.666       25.34       24.98       29.41       19.47       16.12       30.63       27.22       22.45       16.38       15.21       12.86       25.31       25.31       29.75       26.31       20.95       16.65       18.43       17.51       16.54       15.34       13.94       13.41       12.99       12.72       16.39       15.34       25.65       25.33       24.89       29.19       29.49       23.78       23.15       28.85       28.53       31.14
         8.8       636.0       1.026      54.717     262.893       3.673       26.38       25.78       30.82       19.93       16.42       31.13       27.82       23.03       16.68       15.51       13.01       26.35       26.11       31.11       27.13       21.47       16.94       18.83       17.83       16.98       15.72       14.22       13.65       13.17       12.84       16.75       15.68       26.66       26.37       25.69       30.57       30.68       24.79       23.94       29.79       29.93       32.09
         8.9       636.0       1.018      42.477     247.784       3.680       27.50       26.64       32.36       20.43       16.75       31.86       28.65       23.65       17.00       15.84       13.17       27.50       26.98       32.60       27.96       22.03       17.26       19.26       18.16       17.46       16.13       14.51       13.91       13.35       12.97       17.13       16.05       27.80       27.49       26.55       32.06       32.04       25.89       24.81       30.80       31.42       33.07
         9.0       636.0       1.010      32.795     233.213       3.687       28.68       27.56       34.01       20.95       17.09       32.89       29.72       24.30       17.34       16.18       13.35       28.72       27.89       34.16       28.78       22.61       17.60       19.70       18.50       17.96       16.57       14.83       14.18       13.55       13.12       17.52       16.43       29.01       28.67       27.47       33.60       33.52       27.05       25.72       31.88       32.94       34.06
         9.1       636.0       1.002      24.979     218.732       3.694       29.95       28.56       35.83       21.51       17.46       34.27       31.07       24.99       17.71       16.56       13.56       30.05       28.89       35.81       29.57       23.25       17.97       20.14       18.85       18.52       17.05       15.19       14.49       13.78       13.31       17.94       16.86       30.35       29.95       28.47       35.18       35.15       28.31       26.72       33.06       34.49       35.11
         9.2       636.0       0.994      18.432     203.506       3.701       31.43       29.73       37.96       22.16       17.88       36.14       32.82       25.81       18.13       17.01       13.83       31.59       30.06       37.58       30.36       23.99       18.39       20.59       19.26       19.19       17.64       15.62       14.87       14.07       13.56       18.42       17.36       31.92       31.43       29.64       36.86       36.97       29.77       27.89       34.45       36.11       36.31
         9.3       636.0       0.987      13.346     188.392       3.707       33.04       31.03       40.32       22.88       18.33       38.43       34.90       26.71       18.59       17.52       14.18       33.28       31.36       39.34       31.06       24.82       18.86       20.99       19.70       19.97       18.31       16.13       15.31       14.43       13.89       18.94       17.92       33.66       33.03       30.94       38.48       38.84       31.37       29.19       35.99       37.69       37.63
         9.4       636.0       0.981       9.920     175.481       3.713       34.51       32.24       42.50       23.53       18.74       40.67       36.89       27.55       19.01       18.01       14.52       34.82       32.57       40.84       31.61       25.58       19.29       21.30       20.10       20.71       18.94       16.61       15.74       14.78       14.23       19.42       18.44       35.26       34.51       32.14       39.83       40.48       32.84       30.39       37.42       39.01       38.85
         9.5       636.0       0.975       7.559     164.434       3.718       35.82       33.31       44.44       24.11       19.10       42.72       38.70       28.30       19.38       18.45       14.84       36.20       33.64       42.12       32.05       26.27       19.67       21.56       20.46       21.39       19.52       17.05       16.12       15.10       14.55       19.84       18.91       36.69       35.81       33.22       40.98       41.90       34.15       31.47       38.69       40.12       39.93
         9.6       636.0       0.970       5.688     153.571       3.723       37.13       34.39       46.39       24.70       19.45       44.81       40.53       29.05       19.75       18.89       15.16       37.57       34.72       43.37       32.48       26.96       20.05       21.80       20.82       22.06       20.10       17.49       16.50       15.43       14.88       20.27       19.39       38.13       37.12       34.30       42.09       43.31       35.46       32.55       39.97       41.21       41.02
