#sep[lam/D]  Contrast:   X          Y             Diag.
0 3.21764e-09 3.21764e-09 3.21764e-09
1 1.17147e-08 7.86949e-09 1.19832e-08
2 1.81746e-08 7.48143e-09 1.61575e-08
3 2.28964e-08 7.10096e-09 1.83475e-08
4 2.61174e-08 6.79047e-09 1.97738e-08
5 2.83094e-08 6.54393e-09 2.06292e-08
6 2.98776e-08 6.34037e-09 2.1366e-08
7 3.11344e-08 6.16606e-09 2.18672e-08
8 3.22325e-08 6.01016e-09 2.23171e-08
9 3.31006e-08 5.86664e-09 2.26543e-08
10 3.37787e-08 5.73723e-09 2.2922e-08
11 3.42382e-08 5.61966e-09 2.312e-08
12 3.48146e-08 5.50907e-09 2.33459e-08
13 3.5318e-08 5.40671e-09 2.34326e-08
14 3.56806e-08 5.31252e-09 2.36174e-08
15 3.59188e-08 5.22466e-09 2.37471e-08
16 3.61899e-08 5.1405e-09 2.38182e-08
17 3.64681e-08 5.06276e-09 2.38582e-08
18 3.67405e-08 4.98778e-09 2.39167e-08
19 3.68119e-08 4.91964e-09 2.40268e-08
20 3.70694e-08 4.85345e-09 2.40367e-08
21 3.73181e-08 4.78981e-09 2.41793e-08
22 3.75019e-08 4.73044e-09 2.40999e-08
23 3.76274e-08 4.67508e-09 2.42352e-08
24 3.76488e-08 4.62004e-09 2.42403e-08
25 3.78413e-08 4.56835e-09 2.43411e-08
26 3.80818e-08 4.5205e-09 2.44308e-08
27 3.83095e-08 4.47409e-09 2.45555e-08
28 3.83795e-08 4.429e-09 2.4521e-08
29 3.84164e-08 4.38585e-09 2.46388e-08
30 3.86256e-08 4.34641e-09 2.46396e-08
31 3.88711e-08 4.30765e-09 2.47837e-08
32 3.90042e-08 4.26952e-09 2.48359e-08
33 3.91387e-08 4.23337e-09 2.49791e-08
34 3.9283e-08 4.20025e-09 2.48939e-08
35 3.94058e-08 4.16745e-09 2.49618e-08
36 3.95604e-08 4.13476e-09 2.49437e-08
37 3.96092e-08 4.10445e-09 2.5013e-08
38 3.97789e-08 4.07669e-09 2.50876e-08
39 4.00369e-08 4.05009e-09 2.51468e-08
40 4.00685e-08 4.021e-09 2.50968e-08
41 4.00046e-08 3.99436e-09 2.51628e-08
42 3.99277e-08 3.97112e-09 2.52533e-08
43 3.99807e-08 3.94724e-09 2.54229e-08
44 4.02258e-08 3.92222e-09 2.58494e-08
45 4.02088e-08 3.89955e-09 2.62733e-08
46 3.99455e-08 3.879e-09 2.66585e-08
47 3.9764e-08 3.8571e-09 2.70699e-08
48 3.97557e-08 3.83565e-09 2.75334e-08
49 3.96714e-08 3.81511e-09 2.79294e-08
50 3.9643e-08 3.79842e-09 2.85193e-08
51 3.95822e-08 3.78054e-09 2.88798e-08
52 3.95518e-08 3.76007e-09 2.92188e-08
53 3.9751e-08 3.74295e-09 2.95523e-08
54 4.0146e-08 3.72702e-09 2.99921e-08
55 4.07101e-08 3.71017e-09 3.03329e-08
56 4.14578e-08 3.69258e-09 3.0887e-08
57 4.22699e-08 3.67722e-09 3.11908e-08
58 4.28285e-08 3.66324e-09 3.14795e-08
59 4.33142e-08 3.64854e-09 3.1748e-08
60 4.38542e-08 3.6336e-09 3.21558e-08
61 1.81436e-05 1.814e-05 5.42191e-06
62 1.79247e-05 1.79232e-05 5.15789e-06
63 1.71437e-05 1.71428e-05 4.89757e-06
64 1.62952e-05 1.62946e-05 4.63533e-06
65 1.54605e-05 1.546e-05 4.38639e-06
66 1.46615e-05 1.46612e-05 4.15294e-06
67 1.39049e-05 1.39046e-05 3.9335e-06
68 1.31916e-05 1.31913e-05 3.7282e-06
69 1.25206e-05 1.25204e-05 3.53563e-06
70 1.18902e-05 1.189e-05 3.35527e-06
71 1.12981e-05 1.12979e-05 3.18637e-06
72 1.07418e-05 1.07417e-05 3.02798e-06
73 1.02191e-05 1.0219e-05 2.87935e-06
74 9.72772e-06 9.72762e-06 2.73976e-06
75 9.26555e-06 9.26547e-06 2.60867e-06
76 8.83057e-06 8.83049e-06 2.48536e-06
77 8.42094e-06 8.42087e-06 2.36933e-06
78 8.03498e-06 8.03492e-06 2.2601e-06
79 7.67102e-06 7.67097e-06 2.15713e-06
80 7.32766e-06 7.32761e-06 2.06007e-06
81 7.00347e-06 7.00343e-06 1.96845e-06
82 6.69722e-06 6.69718e-06 1.88195e-06
83 6.40771e-06 6.40768e-06 1.80021e-06
84 6.13387e-06 6.13384e-06 1.72292e-06
85 5.87468e-06 5.87465e-06 1.6498e-06
86 5.62922e-06 5.6292e-06 1.58057e-06
87 5.3966e-06 5.39658e-06 1.51498e-06
88 5.17606e-06 5.17604e-06 1.45282e-06
89 4.9668e-06 4.96678e-06 1.39385e-06
90 4.76817e-06 4.76816e-06 1.33789e-06
91 4.57951e-06 4.5795e-06 1.28476e-06
92 4.40022e-06 4.40021e-06 1.23427e-06
93 4.22975e-06 4.22974e-06 1.18629e-06
94 4.06757e-06 4.06757e-06 1.14064e-06
95 3.91321e-06 3.91321e-06 1.09721e-06
96 3.76622e-06 3.76622e-06 1.05586e-06
97 3.62613e-06 3.62613e-06 1.01643e-06
98 3.49259e-06 3.49259e-06 9.78859e-07
99 3.36524e-06 3.36524e-06 9.43034e-07
100 3.24326e-06 3.24326e-06 9.08855e-07
101 3.12685e-06 3.12685e-06 8.76234e-07
102 3.0157e-06 3.0157e-06 8.45085e-07
103 2.90953e-06 2.90953e-06 8.15328e-07
104 2.80807e-06 2.80807e-06 7.86887e-07
105 2.71107e-06 2.71107e-06 7.59694e-07
106 2.61828e-06 2.61828e-06 7.33679e-07
107 2.52949e-06 2.52949e-06 7.08783e-07
108 2.44449e-06 2.44449e-06 6.84947e-07
109 2.36309e-06 2.36309e-06 6.62115e-07
110 2.2851e-06 2.2851e-06 6.40237e-07
111 2.21034e-06 2.21034e-06 6.19263e-07
112 2.13866e-06 2.13866e-06 5.99148e-07
113 2.06989e-06 2.06989e-06 5.79847e-07
114 2.0039e-06 2.0039e-06 5.61322e-07
115 1.94055e-06 1.94055e-06 5.43532e-07
116 1.87971e-06 1.87971e-06 5.26442e-07
117 1.82125e-06 1.82125e-06 5.10015e-07
118 1.76506e-06 1.76506e-06 4.9422e-07
119 1.71103e-06 1.71103e-06 4.79024e-07
120 1.65905e-06 1.65905e-06 4.64396e-07
121 1.60902e-06 1.60902e-06 4.50309e-07
122 1.56084e-06 1.56084e-06 4.36731e-07
123 1.51443e-06 1.51443e-06 4.23637e-07
124 1.46968e-06 1.46968e-06 4.10998e-07
125 1.4265e-06 1.4265e-06 3.98778e-07
126 1.3848e-06 1.3848e-06 3.86956e-07
127 1.34449e-06 1.34449e-06 3.75495e-07
128 1.30543e-06 1.30543e-06 3.64345e-07
129 1.26749e-06 1.26749e-06 3.5346e-07
130 1.23047e-06 1.23047e-06 3.4273e-07
131 1.19406e-06 1.19406e-06 3.32077e-07
132 1.15771e-06 1.15771e-06 3.21187e-07
133 1.12009e-06 1.12009e-06 3.09497e-07
134 1.07703e-06 1.07703e-06 2.95486e-07
