#sep[lam/D]  Contrast:   X          Y             Diag.
0 3.4144e-06 3.4144e-06 3.4144e-06
1 2.36036e-05 6.2847e-06 1.91249e-05
2 2.66086e-05 3.66501e-06 1.42575e-05
3 2.03103e-05 2.26322e-06 9.40468e-06
4 1.50611e-05 1.55166e-06 6.63363e-06
5 1.14947e-05 1.14788e-06 4.97495e-06
6 9.11873e-06 9.0034e-07 3.94085e-06
7 7.46477e-06 7.366e-07 3.23534e-06
8 6.30987e-06 6.20876e-07 2.74891e-06
9 5.44466e-06 5.34238e-07 2.37325e-06
10 4.7185e-06 4.69448e-07 2.07527e-06
11 4.13732e-06 4.18967e-07 1.84078e-06
12 3.68943e-06 3.77181e-07 1.65845e-06
13 3.33129e-06 3.43849e-07 1.50606e-06
14 3.04865e-06 3.16276e-07 1.38737e-06
15 2.80007e-06 2.9307e-07 1.28155e-06
16 2.56718e-06 2.72765e-07 1.18206e-06
17 2.36582e-06 2.54989e-07 1.10153e-06
18 2.20417e-06 2.39976e-07 1.03077e-06
19 2.06146e-06 2.26918e-07 9.70877e-07
20 1.94466e-06 2.14721e-07 9.18584e-07
21 1.83979e-06 2.0405e-07 8.72449e-07
22 1.73066e-06 1.94712e-07 8.23514e-07
23 1.63326e-06 1.86412e-07 7.84847e-07
24 1.55056e-06 1.78339e-07 7.48232e-07
25 1.47723e-06 1.71292e-07 7.17613e-07
26 1.4177e-06 1.64988e-07 6.91125e-07
27 1.36032e-06 1.59091e-07 6.65891e-07
28 1.29923e-06 1.53395e-07 6.37008e-07
29 1.24156e-06 1.48318e-07 6.14483e-07
30 1.19433e-06 1.43819e-07 5.92377e-07
31 1.15036e-06 1.39382e-07 5.7384e-07
32 1.11283e-06 1.35175e-07 5.57339e-07
33 1.07733e-06 1.31419e-07 5.41188e-07
34 1.03957e-06 1.2797e-07 5.21783e-07
35 1.00308e-06 1.24434e-07 5.07013e-07
36 9.70904e-07 1.21226e-07 4.91978e-07
37 9.40717e-07 1.18362e-07 4.7931e-07
38 9.1784e-07 1.15654e-07 4.68467e-07
39 8.96517e-07 1.12892e-07 4.57368e-07
40 8.69171e-07 1.10375e-07 4.43839e-07
41 8.41288e-07 1.08004e-07 4.33501e-07
42 8.17874e-07 1.05801e-07 4.23609e-07
43 7.98821e-07 1.03539e-07 4.14164e-07
44 7.83868e-07 1.0147e-07 4.07474e-07
45 7.67945e-07 9.95481e-08 3.98594e-07
46 7.45583e-07 9.76504e-08 3.89025e-07
47 7.25958e-07 9.58376e-08 3.80801e-07
48 7.11213e-07 9.41358e-08 3.73561e-07
49 6.9665e-07 9.25037e-08 3.66212e-07
50 6.84258e-07 9.08906e-08 3.61383e-07
51 6.713e-07 8.94289e-08 3.54284e-07
52 6.55764e-07 8.79614e-08 3.46589e-07
53 6.42189e-07 8.65457e-08 3.40026e-07
54 6.29841e-07 8.51805e-08 3.34685e-07
55 6.17534e-07 8.39417e-08 3.28931e-07
56 6.0784e-07 8.2658e-08 3.25457e-07
57 5.9964e-07 8.1382e-08 3.20077e-07
58 5.88033e-07 8.02681e-08 3.14294e-07
59 5.75806e-07 7.91849e-08 3.09033e-07
60 5.65423e-07 7.80648e-08 3.04953e-07
61 1.83413e-05 1.82953e-05 5.47362e-06
62 1.80924e-05 1.80726e-05 5.20435e-06
63 1.72968e-05 1.72847e-05 4.93983e-06
64 1.64374e-05 1.64289e-05 4.67469e-06
65 1.55936e-05 1.55872e-05 4.42329e-06
66 1.47866e-05 1.47816e-05 4.18763e-06
67 1.40227e-05 1.40187e-05 3.96621e-06
68 1.33028e-05 1.32995e-05 3.75909e-06
69 1.26258e-05 1.2623e-05 3.56485e-06
70 1.19897e-05 1.19873e-05 3.38294e-06
71 1.13924e-05 1.13903e-05 3.21259e-06
72 1.08313e-05 1.08296e-05 3.05286e-06
73 1.03041e-05 1.03025e-05 2.90298e-06
74 9.80846e-06 9.8071e-06 2.76222e-06
75 9.34234e-06 9.34114e-06 2.63003e-06
76 8.90365e-06 8.90259e-06 2.50569e-06
77 8.49054e-06 8.4896e-06 2.3887e-06
78 8.1013e-06 8.10048e-06 2.27856e-06
79 7.73428e-06 7.73354e-06 2.17474e-06
80 7.38802e-06 7.38737e-06 2.07687e-06
81 7.0611e-06 7.06053e-06 1.9845e-06
82 6.75228e-06 6.75177e-06 1.89729e-06
83 6.46034e-06 6.45989e-06 1.81487e-06
84 6.18421e-06 6.18381e-06 1.73695e-06
85 5.92285e-06 5.9225e-06 1.66322e-06
86 5.67534e-06 5.67503e-06 1.59343e-06
87 5.44079e-06 5.44052e-06 1.5273e-06
88 5.2184e-06 5.21817e-06 1.46463e-06
89 5.00741e-06 5.0072e-06 1.40518e-06
90 4.80713e-06 4.80695e-06 1.34877e-06
91 4.6169e-06 4.61675e-06 1.2952e-06
92 4.43612e-06 4.43599e-06 1.2443e-06
93 4.26424e-06 4.26414e-06 1.19593e-06
94 4.10072e-06 4.10064e-06 1.14991e-06
95 3.94508e-06 3.94501e-06 1.10612e-06
96 3.79687e-06 3.79682e-06 1.06443e-06
97 3.65562e-06 3.65559e-06 1.02469e-06
98 3.52098e-06 3.52096e-06 9.8681e-07
99 3.39257e-06 3.39257e-06 9.50693e-07
100 3.2696e-06 3.2696e-06 9.16237e-07
101 3.15225e-06 3.15225e-06 8.8335e-07
102 3.0402e-06 3.0402e-06 8.51949e-07
103 2.93317e-06 2.93317e-06 8.2195e-07
104 2.83088e-06 2.83088e-06 7.93279e-07
105 2.73309e-06 2.73309e-06 7.65864e-07
106 2.63955e-06 2.63955e-06 7.39638e-07
107 2.55004e-06 2.55004e-06 7.1454e-07
108 2.46435e-06 2.46435e-06 6.9051e-07
109 2.38228e-06 2.38228e-06 6.67493e-07
110 2.30366e-06 2.30366e-06 6.45437e-07
111 2.22829e-06 2.22829e-06 6.24292e-07
112 2.15603e-06 2.15603e-06 6.04014e-07
113 2.0867e-06 2.0867e-06 5.84557e-07
114 2.02018e-06 2.02018e-06 5.65881e-07
115 1.95631e-06 1.95631e-06 5.47947e-07
116 1.89498e-06 1.89498e-06 5.30718e-07
117 1.83604e-06 1.83604e-06 5.14157e-07
118 1.7794e-06 1.7794e-06 4.98234e-07
119 1.72492e-06 1.72492e-06 4.82914e-07
120 1.67252e-06 1.67252e-06 4.68168e-07
121 1.62209e-06 1.62209e-06 4.53967e-07
122 1.57352e-06 1.57352e-06 4.40278e-07
123 1.52673e-06 1.52673e-06 4.27077e-07
124 1.48161e-06 1.48161e-06 4.14337e-07
125 1.43808e-06 1.43808e-06 4.02017e-07
126 1.39605e-06 1.39605e-06 3.90099e-07
127 1.35541e-06 1.35541e-06 3.78545e-07
128 1.31603e-06 1.31603e-06 3.67305e-07
129 1.27778e-06 1.27778e-06 3.5633e-07
130 1.24046e-06 1.24046e-06 3.45514e-07
131 1.20376e-06 1.20376e-06 3.34774e-07
132 1.16711e-06 1.16711e-06 3.23796e-07
133 1.12919e-06 1.12919e-06 3.1201e-07
134 1.08577e-06 1.08577e-06 2.97886e-07
