#sep[lam/D]  Contrast:   X          Y             Diag.
0 2.13717e-09 2.13717e-09 2.13717e-09
1 7.5856e-09 4.63288e-09 7.79075e-09
2 1.3013e-08 4.3571e-09 1.12601e-08
3 1.71219e-08 4.08739e-09 1.31373e-08
4 1.99687e-08 3.86988e-09 1.43334e-08
5 2.19208e-08 3.6975e-09 1.51e-08
6 2.33198e-08 3.55814e-09 1.57312e-08
7 2.44411e-08 3.44463e-09 1.61167e-08
8 2.54667e-08 3.3494e-09 1.65357e-08
9 2.6235e-08 3.26703e-09 1.67836e-08
10 2.67965e-08 3.1966e-09 1.70364e-08
11 2.7199e-08 3.1355e-09 1.71526e-08
12 2.76914e-08 3.08044e-09 1.73448e-08
13 2.81492e-08 3.03105e-09 1.74476e-08
14 2.85526e-08 2.9853e-09 1.75943e-08
15 2.87291e-08 2.94258e-09 1.76559e-08
16 2.89724e-08 2.90115e-09 1.77045e-08
17 2.92181e-08 2.86316e-09 1.77648e-08
18 2.93848e-08 2.82599e-09 1.77659e-08
19 2.95113e-08 2.79222e-09 1.78526e-08
20 2.97341e-08 2.75938e-09 1.78549e-08
21 2.98771e-08 2.72758e-09 1.7973e-08
22 3.01383e-08 2.69773e-09 1.79276e-08
23 3.01644e-08 2.66966e-09 1.80067e-08
24 3.02257e-08 2.64158e-09 1.80071e-08
25 3.04192e-08 2.61513e-09 1.8123e-08
26 3.06059e-08 2.59056e-09 1.82013e-08
27 3.08165e-08 2.56652e-09 1.83078e-08
28 3.08874e-08 2.54295e-09 1.83277e-08
29 3.08593e-08 2.52026e-09 1.83708e-08
30 3.107e-08 2.4994e-09 1.83651e-08
31 3.11929e-08 2.47863e-09 1.84853e-08
32 3.14159e-08 2.45818e-09 1.85164e-08
33 3.15083e-08 2.43863e-09 1.86318e-08
34 3.16469e-08 2.42059e-09 1.85319e-08
35 3.17224e-08 2.40264e-09 1.8585e-08
36 3.18455e-08 2.38468e-09 1.85288e-08
37 3.1871e-08 2.36795e-09 1.85359e-08
38 3.19935e-08 2.35226e-09 1.85292e-08
39 3.21959e-08 2.33694e-09 1.84865e-08
40 3.21842e-08 2.3212e-09 1.83357e-08
41 3.2083e-08 2.30615e-09 1.82593e-08
42 3.19967e-08 2.29303e-09 1.81444e-08
43 3.19704e-08 2.27944e-09 1.80482e-08
44 3.20273e-08 2.26517e-09 1.80576e-08
45 3.19583e-08 2.25214e-09 1.80503e-08
46 3.15943e-08 2.24031e-09 1.81186e-08
47 3.13421e-08 2.22765e-09 1.83651e-08
48 3.11449e-08 2.21533e-09 1.87353e-08
49 3.09078e-08 2.2033e-09 1.90559e-08
50 3.06436e-08 2.19368e-09 1.9523e-08
51 3.02883e-08 2.18333e-09 1.98188e-08
52 2.991e-08 2.1713e-09 2.00983e-08
53 2.97022e-08 2.16132e-09 2.03704e-08
54 2.94921e-08 2.15194e-09 2.07341e-08
55 2.93619e-08 2.14205e-09 2.10179e-08
56 2.95244e-08 2.1318e-09 2.14688e-08
57 3.00424e-08 2.12272e-09 2.1726e-08
58 3.04741e-08 2.11448e-09 2.19738e-08
59 3.08727e-08 2.10585e-09 2.22566e-08
60 3.13222e-08 2.09705e-09 2.25484e-08
61 1.81412e-05 1.81386e-05 5.42126e-06
62 1.79229e-05 1.79218e-05 5.15737e-06
63 1.71422e-05 1.71415e-05 4.89714e-06
64 1.62938e-05 1.62934e-05 4.63495e-06
65 1.54592e-05 1.54588e-05 4.38603e-06
66 1.46604e-05 1.46601e-05 4.15261e-06
67 1.39038e-05 1.39036e-05 3.93319e-06
68 1.31905e-05 1.31903e-05 3.72791e-06
69 1.25196e-05 1.25195e-05 3.53536e-06
70 1.18892e-05 1.18891e-05 3.35501e-06
71 1.12972e-05 1.12971e-05 3.18613e-06
72 1.0741e-05 1.07409e-05 3.02775e-06
73 1.02183e-05 1.02183e-05 2.87914e-06
74 9.72697e-06 9.7269e-06 2.73955e-06
75 9.26485e-06 9.26478e-06 2.60847e-06
76 8.8299e-06 8.82984e-06 2.48518e-06
77 8.4203e-06 8.42025e-06 2.36915e-06
78 8.03437e-06 8.03433e-06 2.25994e-06
79 7.67045e-06 7.6704e-06 2.15697e-06
80 7.32711e-06 7.32708e-06 2.05992e-06
81 7.00295e-06 7.00292e-06 1.96831e-06
82 6.69672e-06 6.69669e-06 1.88181e-06
83 6.40723e-06 6.40721e-06 1.80008e-06
84 6.13341e-06 6.13339e-06 1.7228e-06
85 5.87424e-06 5.87422e-06 1.64967e-06
86 5.6288e-06 5.62878e-06 1.58045e-06
87 5.3962e-06 5.39619e-06 1.51487e-06
88 5.17567e-06 5.17566e-06 1.45271e-06
89 4.96643e-06 4.96642e-06 1.39374e-06
90 4.76782e-06 4.76781e-06 1.33779e-06
91 4.57917e-06 4.57916e-06 1.28466e-06
92 4.39989e-06 4.39989e-06 1.23418e-06
93 4.22944e-06 4.22944e-06 1.1862e-06
94 4.06728e-06 4.06727e-06 1.14056e-06
95 3.91292e-06 3.91292e-06 1.09713e-06
96 3.76594e-06 3.76594e-06 1.05578e-06
97 3.62587e-06 3.62586e-06 1.01636e-06
98 3.49234e-06 3.49234e-06 9.78788e-07
99 3.365e-06 3.365e-06 9.42965e-07
100 3.24303e-06 3.24303e-06 9.08789e-07
101 3.12662e-06 3.12662e-06 8.7617e-07
102 3.01548e-06 3.01548e-06 8.45023e-07
103 2.90932e-06 2.90932e-06 8.15269e-07
104 2.80787e-06 2.80787e-06 7.8683e-07
105 2.71087e-06 2.71087e-06 7.59638e-07
106 2.61809e-06 2.61809e-06 7.33626e-07
107 2.52931e-06 2.52931e-06 7.08732e-07
108 2.44432e-06 2.44432e-06 6.84897e-07
109 2.36292e-06 2.36292e-06 6.62067e-07
110 2.28493e-06 2.28493e-06 6.4019e-07
111 2.21018e-06 2.21018e-06 6.19218e-07
112 2.1385e-06 2.1385e-06 5.99104e-07
113 2.06974e-06 2.06974e-06 5.79805e-07
114 2.00376e-06 2.00376e-06 5.61281e-07
115 1.94041e-06 1.94041e-06 5.43492e-07
116 1.87957e-06 1.87957e-06 5.26403e-07
117 1.82112e-06 1.82112e-06 5.09978e-07
118 1.76493e-06 1.76493e-06 4.94184e-07
119 1.7109e-06 1.7109e-06 4.78989e-07
120 1.65893e-06 1.65893e-06 4.64362e-07
121 1.6089e-06 1.6089e-06 4.50276e-07
122 1.56073e-06 1.56073e-06 4.36699e-07
123 1.51432e-06 1.51432e-06 4.23606e-07
124 1.46957e-06 1.46957e-06 4.10969e-07
125 1.42639e-06 1.42639e-06 3.98749e-07
126 1.3847e-06 1.3847e-06 3.86928e-07
127 1.34439e-06 1.34439e-06 3.75467e-07
128 1.30534e-06 1.30534e-06 3.64319e-07
129 1.2674e-06 1.2674e-06 3.53434e-07
130 1.23038e-06 1.23038e-06 3.42705e-07
131 1.19397e-06 1.19397e-06 3.32053e-07
132 1.15762e-06 1.15762e-06 3.21164e-07
133 1.12001e-06 1.12001e-06 3.09474e-07
134 1.07695e-06 1.07695e-06 2.95465e-07
