#sep[lam/D]  Contrast:   X          Y             Diag.
0 2.79881e-06 2.79881e-06 2.79881e-06
1 2.01098e-05 4.63879e-06 1.60172e-05
2 2.2875e-05 2.47297e-06 1.16219e-05
3 1.70966e-05 1.38026e-06 7.32465e-06
4 1.23427e-05 8.60314e-07 4.93469e-06
5 9.16179e-06 5.83254e-07 3.54162e-06
6 7.07525e-06 4.23183e-07 2.69495e-06
7 5.64463e-06 3.22958e-07 2.13098e-06
8 4.65999e-06 2.55638e-07 1.75073e-06
9 3.93227e-06 2.0759e-07 1.46319e-06
10 3.32972e-06 1.73226e-07 1.23978e-06
11 2.8541e-06 1.47529e-07 1.06748e-06
12 2.49241e-06 1.27067e-07 9.36019e-07
13 2.20679e-06 1.11331e-07 8.28107e-07
14 1.984e-06 9.87452e-08 7.45458e-07
15 1.79022e-06 8.84823e-08 6.72936e-07
16 1.61077e-06 7.97674e-08 6.0587e-07
17 1.45744e-06 7.23554e-08 5.52458e-07
18 1.33573e-06 6.62633e-08 5.06235e-07
19 1.2294e-06 6.10957e-08 4.67678e-07
20 1.14324e-06 5.63856e-08 4.34473e-07
21 1.0666e-06 5.23607e-08 4.05557e-07
22 9.87631e-07 4.89154e-08 3.75307e-07
23 9.1788e-07 4.59153e-08 3.51727e-07
24 8.59237e-07 4.30555e-08 3.29683e-07
25 8.07721e-07 4.06075e-08 3.11469e-07
26 7.66254e-07 3.84574e-08 2.95886e-07
27 7.26608e-07 3.64802e-08 2.81195e-07
28 6.84766e-07 3.46034e-08 2.64579e-07
29 6.45626e-07 3.29581e-08 2.5177e-07
30 6.13853e-07 3.15225e-08 2.39337e-07
31 5.84512e-07 3.01275e-08 2.29016e-07
32 5.59662e-07 2.88245e-08 2.19917e-07
33 5.36326e-07 2.76777e-08 2.11091e-07
34 5.11696e-07 2.66385e-08 2.00599e-07
35 4.88083e-07 2.5587e-08 1.92694e-07
36 4.67432e-07 2.46454e-08 1.84727e-07
37 4.48204e-07 2.38153e-08 1.78075e-07
38 4.33728e-07 2.3039e-08 1.72428e-07
39 4.20313e-07 2.22568e-08 1.66692e-07
40 4.03241e-07 2.15519e-08 1.59767e-07
41 3.85947e-07 2.08949e-08 1.54523e-07
42 3.71549e-07 2.02911e-08 1.49546e-07
43 3.59909e-07 1.96771e-08 1.44833e-07
44 3.5082e-07 1.91216e-08 1.41516e-07
45 3.41195e-07 1.86102e-08 1.37146e-07
46 3.27774e-07 1.81103e-08 1.32476e-07
47 3.16083e-07 1.7637e-08 1.28496e-07
48 3.07352e-07 1.71968e-08 1.25018e-07
49 2.98779e-07 1.67782e-08 1.21515e-07
50 2.91524e-07 1.63682e-08 1.19225e-07
51 2.83981e-07 1.59996e-08 1.15883e-07
52 2.74988e-07 1.56325e-08 1.12289e-07
53 2.67178e-07 1.52812e-08 1.09249e-07
54 2.60118e-07 1.49452e-08 1.0679e-07
55 2.53124e-07 1.46425e-08 1.0416e-07
56 2.47641e-07 1.43312e-08 1.02578e-07
57 2.4302e-07 1.40241e-08 1.00146e-07
58 2.36517e-07 1.37579e-08 9.7549e-08
59 2.29714e-07 1.35008e-08 9.5205e-08
60 2.23967e-07 1.32367e-08 9.3396e-08
61 1.82322e-05 1.8212e-05 5.44489e-06
62 1.80025e-05 1.79937e-05 5.17912e-06
63 1.72156e-05 1.72102e-05 4.9173e-06
64 1.63624e-05 1.63585e-05 4.65385e-06
65 1.55235e-05 1.55206e-05 4.40383e-06
66 1.47209e-05 1.47186e-05 4.16939e-06
67 1.39609e-05 1.3959e-05 3.94904e-06
68 1.32445e-05 1.3243e-05 3.7429e-06
69 1.25707e-05 1.25694e-05 3.54955e-06
70 1.19376e-05 1.19365e-05 3.36846e-06
71 1.13431e-05 1.13421e-05 3.19889e-06
72 1.07846e-05 1.07837e-05 3.03986e-06
73 1.02597e-05 1.0259e-05 2.89065e-06
74 9.76628e-06 9.76565e-06 2.7505e-06
75 9.30224e-06 9.30169e-06 2.61889e-06
76 8.86549e-06 8.86501e-06 2.49509e-06
77 8.45421e-06 8.45378e-06 2.3786e-06
78 8.0667e-06 8.06631e-06 2.26894e-06
79 7.70128e-06 7.70094e-06 2.16557e-06
80 7.35654e-06 7.35624e-06 2.06812e-06
81 7.03105e-06 7.03079e-06 1.97614e-06
82 6.72357e-06 6.72334e-06 1.8893e-06
83 6.43291e-06 6.4327e-06 1.80724e-06
84 6.15798e-06 6.15779e-06 1.72965e-06
85 5.89775e-06 5.89759e-06 1.65624e-06
86 5.65131e-06 5.65117e-06 1.58674e-06
87 5.41777e-06 5.41765e-06 1.52089e-06
88 5.19635e-06 5.19624e-06 1.45848e-06
89 4.98626e-06 4.98617e-06 1.39928e-06
90 4.78684e-06 4.78676e-06 1.34311e-06
91 4.59743e-06 4.59737e-06 1.28977e-06
92 4.41743e-06 4.41738e-06 1.23909e-06
93 4.24629e-06 4.24625e-06 1.19091e-06
94 4.08347e-06 4.08344e-06 1.14509e-06
95 3.9285e-06 3.92847e-06 1.10149e-06
96 3.78093e-06 3.78091e-06 1.05997e-06
97 3.64028e-06 3.64027e-06 1.0204e-06
98 3.50622e-06 3.50621e-06 9.82677e-07
99 3.37836e-06 3.37836e-06 9.46711e-07
100 3.25591e-06 3.25591e-06 9.12399e-07
101 3.13904e-06 3.13904e-06 8.79651e-07
102 3.02746e-06 3.02746e-06 8.4838e-07
103 2.92088e-06 2.92088e-06 8.18507e-07
104 2.81902e-06 2.81902e-06 7.89956e-07
105 2.72164e-06 2.72164e-06 7.62656e-07
106 2.62849e-06 2.62849e-06 7.3654e-07
107 2.53936e-06 2.53936e-06 7.11547e-07
108 2.45403e-06 2.45403e-06 6.87618e-07
109 2.3723e-06 2.3723e-06 6.64697e-07
110 2.29401e-06 2.29401e-06 6.42734e-07
111 2.21896e-06 2.21896e-06 6.21678e-07
112 2.147e-06 2.147e-06 6.01484e-07
113 2.07796e-06 2.07796e-06 5.82108e-07
114 2.01172e-06 2.01172e-06 5.63511e-07
115 1.94812e-06 1.94812e-06 5.45652e-07
116 1.88704e-06 1.88704e-06 5.28495e-07
117 1.82835e-06 1.82835e-06 5.12004e-07
118 1.77194e-06 1.77194e-06 4.96147e-07
119 1.7177e-06 1.7177e-06 4.80891e-07
120 1.66552e-06 1.66552e-06 4.66207e-07
121 1.61529e-06 1.61529e-06 4.52065e-07
122 1.56693e-06 1.56693e-06 4.38434e-07
123 1.52033e-06 1.52033e-06 4.25289e-07
124 1.47541e-06 1.47541e-06 4.12601e-07
125 1.43206e-06 1.43206e-06 4.00333e-07
126 1.3902e-06 1.3902e-06 3.88465e-07
127 1.34973e-06 1.34973e-06 3.76959e-07
128 1.31052e-06 1.31052e-06 3.65766e-07
129 1.27243e-06 1.27243e-06 3.54838e-07
130 1.23526e-06 1.23526e-06 3.44067e-07
131 1.19872e-06 1.19872e-06 3.33372e-07
132 1.16222e-06 1.16222e-06 3.2244e-07
133 1.12446e-06 1.12446e-06 3.10704e-07
134 1.08122e-06 1.08122e-06 2.96638e-07
