#sep[lam/D]  Contrast:   X          Y             Diag.
0 2.13182e-06 2.13182e-06 2.13182e-06
1 7.69844e-06 7.11308e-06 7.80191e-06
2 9.22304e-06 7.47521e-06 8.86035e-06
3 1.01299e-05 7.91566e-06 9.38676e-06
4 1.06872e-05 8.28038e-06 9.73078e-06
5 1.10501e-05 8.50674e-06 9.95924e-06
6 1.13076e-05 8.57972e-06 1.01514e-05
7 1.15143e-05 8.51806e-06 1.02882e-05
8 1.16927e-05 8.34826e-06 1.04084e-05
9 1.18369e-05 8.09416e-06 1.04918e-05
10 1.19456e-05 7.79258e-06 1.05591e-05
11 1.20291e-05 7.46564e-06 1.0598e-05
12 1.21095e-05 7.11811e-06 1.06292e-05
13 1.218e-05 6.62478e-06 1.06302e-05
14 1.22356e-05 6.29515e-06 1.06341e-05
15 1.22699e-05 5.99906e-06 1.06103e-05
16 1.22951e-05 5.7275e-06 1.05689e-05
17 1.23178e-05 5.61572e-06 1.05172e-05
18 1.23303e-05 5.27298e-06 1.0451e-05
19 1.23224e-05 5.0836e-06 1.03839e-05
20 1.23209e-05 4.89837e-06 1.0297e-05
21 1.23165e-05 4.73695e-06 1.02186e-05
22 1.22935e-05 4.58532e-06 1.00969e-05
23 1.22596e-05 4.45497e-06 9.99906e-06
24 1.22165e-05 4.31874e-06 9.87283e-06
25 1.21759e-05 4.20016e-06 9.76024e-06
26 1.21455e-05 4.08778e-06 9.648e-06
27 1.20992e-05 3.98402e-06 9.52863e-06
28 1.20335e-05 3.88282e-06 9.37611e-06
29 1.19591e-05 3.79173e-06 9.24283e-06
30 1.18983e-05 3.71051e-06 9.09456e-06
31 1.183e-05 3.6339e-06 8.96567e-06
32 1.17604e-05 3.55286e-06 8.83215e-06
33 1.16825e-05 3.48321e-06 8.70248e-06
34 1.15972e-05 3.41668e-06 8.47909e-06
35 1.15092e-05 3.34814e-06 8.3192e-06
36 1.14167e-05 3.28549e-06 8.15259e-06
37 1.13171e-05 3.22921e-06 8.0042e-06
38 1.13285e-05 3.17583e-06 7.87863e-06
39 1.11613e-05 3.12143e-06 7.73977e-06
40 1.10534e-05 3.07031e-06 7.58718e-06
41 1.09302e-05 3.02488e-06 7.4416e-06
42 1.08149e-05 2.98139e-06 7.30574e-06
43 1.07169e-05 2.9369e-06 7.17797e-06
44 1.06372e-05 2.88786e-06 7.07224e-06
45 1.05435e-05 2.84661e-06 6.9519e-06
46 1.04049e-05 2.82164e-06 6.81611e-06
47 1.02775e-05 2.76571e-06 6.68028e-06
48 1.02161e-05 2.72807e-06 6.55518e-06
49 1.00657e-05 2.69161e-06 6.42238e-06
50 9.96474e-06 2.65523e-06 6.34568e-06
51 9.85394e-06 2.622e-06 6.19656e-06
52 9.72092e-06 2.58853e-06 6.07801e-06
53 9.60404e-06 2.55598e-06 5.92613e-06
54 9.42194e-06 2.52439e-06 5.80903e-06
55 9.28903e-06 2.49559e-06 5.69605e-06
56 9.18292e-06 2.47835e-06 5.60416e-06
57 9.08673e-06 2.43605e-06 5.49315e-06
58 8.95378e-06 2.40988e-06 5.36128e-06
59 8.81427e-06 2.38448e-06 5.24772e-06
60 8.69e-06 2.35837e-06 5.1583e-06
61 2.05989e-05 2.00095e-05 6.05407e-06
62 1.98957e-05 1.96457e-05 5.70773e-06
63 1.89091e-05 1.87574e-05 5.38471e-06
64 1.79198e-05 1.78144e-05 5.0845e-06
65 1.69723e-05 1.68936e-05 4.80499e-06
66 1.60767e-05 1.60152e-05 4.54461e-06
67 1.52345e-05 1.51849e-05 4.3018e-06
68 1.44441e-05 1.44031e-05 4.07508e-06
69 1.37028e-05 1.36685e-05 3.86319e-06
70 1.30078e-05 1.29787e-05 3.66502e-06
71 1.2356e-05 1.2331e-05 3.47957e-06
72 1.17445e-05 1.17228e-05 3.30588e-06
73 1.11703e-05 1.11514e-05 3.143e-06
74 1.06309e-05 1.06144e-05 2.99016e-06
75 1.01239e-05 1.01094e-05 2.84664e-06
76 9.64702e-06 9.63421e-06 2.71174e-06
77 9.1981e-06 9.18676e-06 2.58485e-06
78 8.77525e-06 8.7652e-06 2.46541e-06
79 8.37666e-06 8.36774e-06 2.35289e-06
80 8.00071e-06 7.99279e-06 2.24681e-06
81 7.64586e-06 7.63882e-06 2.14673e-06
82 7.3107e-06 7.30445e-06 2.05225e-06
83 6.99393e-06 6.98838e-06 1.96299e-06
84 6.69435e-06 6.68944e-06 1.87861e-06
85 6.41085e-06 6.40651e-06 1.79878e-06
86 6.1424e-06 6.13858e-06 1.72322e-06
87 5.88803e-06 5.88468e-06 1.65165e-06
88 5.64689e-06 5.64397e-06 1.58381e-06
89 5.41812e-06 5.41559e-06 1.51948e-06
90 5.20099e-06 5.19882e-06 1.45844e-06
91 4.99478e-06 4.99294e-06 1.40048e-06
92 4.79883e-06 4.79729e-06 1.34542e-06
93 4.61254e-06 4.61128e-06 1.29309e-06
94 4.43533e-06 4.43432e-06 1.24331e-06
95 4.26666e-06 4.26589e-06 1.19596e-06
96 4.10606e-06 4.1055e-06 1.15087e-06
97 3.95302e-06 3.95266e-06 1.10789e-06
98 3.80714e-06 3.80697e-06 1.06694e-06
99 3.66803e-06 3.66803e-06 1.02788e-06
100 3.53508e-06 3.53508e-06 9.9063e-07
101 3.40819e-06 3.40819e-06 9.55073e-07
102 3.28704e-06 3.28704e-06 9.21122e-07
103 3.17132e-06 3.17132e-06 8.88688e-07
104 3.06073e-06 3.06073e-06 8.57688e-07
105 2.955e-06 2.955e-06 8.28047e-07
106 2.85386e-06 2.85386e-06 7.99693e-07
107 2.75708e-06 2.75708e-06 7.72557e-07
108 2.66444e-06 2.66444e-06 7.46576e-07
109 2.57571e-06 2.57571e-06 7.21689e-07
110 2.4907e-06 2.4907e-06 6.97843e-07
111 2.40922e-06 2.40922e-06 6.74981e-07
112 2.33108e-06 2.33108e-06 6.53056e-07
113 2.25613e-06 2.25613e-06 6.32019e-07
114 2.18421e-06 2.18421e-06 6.11828e-07
115 2.11515e-06 2.11515e-06 5.92437e-07
116 2.04884e-06 2.04884e-06 5.73809e-07
117 1.98512e-06 1.98512e-06 5.55904e-07
118 1.92387e-06 1.92387e-06 5.38688e-07
119 1.86498e-06 1.86498e-06 5.22124e-07
120 1.80832e-06 1.80832e-06 5.06181e-07
121 1.75379e-06 1.75379e-06 4.90826e-07
122 1.70128e-06 1.70128e-06 4.76026e-07
123 1.65069e-06 1.65069e-06 4.61754e-07
124 1.60191e-06 1.60191e-06 4.47978e-07
125 1.55485e-06 1.55485e-06 4.34659e-07
126 1.5094e-06 1.5094e-06 4.21773e-07
127 1.46546e-06 1.46546e-06 4.0928e-07
128 1.42289e-06 1.42289e-06 3.97127e-07
129 1.38153e-06 1.38153e-06 3.85262e-07
130 1.34118e-06 1.34118e-06 3.73567e-07
131 1.3015e-06 1.3015e-06 3.61956e-07
132 1.26187e-06 1.26187e-06 3.50086e-07
133 1.22087e-06 1.22087e-06 3.37344e-07
134 1.17393e-06 1.17393e-06 3.22073e-07
