#sep[lam/D]  Contrast:   X          Y             Diag.
0 7.72001e-06 7.72001e-06 7.72001e-06
1 4.7662e-05 1.80266e-05 4.06143e-05
2 5.22631e-05 1.23566e-05 3.26042e-05
3 4.25052e-05 8.85813e-06 2.40483e-05
4 3.39585e-05 6.83161e-06 1.87306e-05
5 2.78248e-05 5.54767e-06 1.52911e-05
6 2.35184e-05 4.68527e-06 1.29957e-05
7 2.03725e-05 4.0699e-06 1.13342e-05
8 1.80783e-05 3.60622e-06 1.01279e-05
9 1.62915e-05 3.23923e-06 9.1526e-06
10 1.47352e-05 2.95119e-06 8.34524e-06
11 1.34437e-05 2.71716e-06 7.68435e-06
12 1.24144e-05 2.51602e-06 7.15187e-06
13 1.15662e-05 2.35006e-06 6.69223e-06
14 1.08783e-05 2.20861e-06 6.32364e-06
15 1.02579e-05 2.08631e-06 5.98613e-06
16 9.66177e-06 1.97681e-06 5.66025e-06
17 9.13315e-06 1.87833e-06 5.38962e-06
18 8.69882e-06 1.79355e-06 5.1462e-06
19 8.30714e-06 1.71858e-06 4.93562e-06
20 7.98024e-06 1.64698e-06 4.74805e-06
21 7.68145e-06 1.58325e-06 4.5794e-06
22 7.36469e-06 1.52668e-06 4.39708e-06
23 7.07651e-06 1.47567e-06 4.25019e-06
24 6.82741e-06 1.42534e-06 4.10872e-06
25 6.60287e-06 1.38082e-06 3.98838e-06
26 6.41786e-06 1.34051e-06 3.88277e-06
27 6.23708e-06 1.30235e-06 3.78067e-06
28 6.04179e-06 1.26507e-06 3.66211e-06
29 5.85454e-06 1.23148e-06 3.56809e-06
30 5.69895e-06 1.20142e-06 3.4746e-06
31 5.55219e-06 1.17147e-06 3.39498e-06
32 5.42537e-06 1.14281e-06 3.32332e-06
33 5.30404e-06 1.117e-06 3.2522e-06
34 5.17344e-06 1.09308e-06 3.1658e-06
35 5.04557e-06 1.06835e-06 3.09891e-06
36 4.93146e-06 1.04575e-06 3.03012e-06
37 4.82317e-06 1.02623e-06 2.97121e-06
38 4.74019e-06 1.00603e-06 2.92032e-06
39 4.66213e-06 9.87869e-07 2.86747e-06
40 4.56106e-06 9.70273e-07 2.80249e-06
41 4.45682e-06 9.53781e-07 2.75196e-06
42 4.36827e-06 9.38568e-07 2.70307e-06
43 4.29541e-06 9.23108e-07 2.6559e-06
44 4.23764e-06 9.02072e-07 2.62175e-06
45 4.17573e-06 8.87649e-07 2.57646e-06
46 4.0881e-06 8.73312e-07 2.52675e-06
47 4.01023e-06 8.59543e-07 2.48362e-06
48 3.951e-06 8.46549e-07 2.44485e-06
49 3.89204e-06 8.34011e-07 2.40538e-06
50 3.84146e-06 8.21531e-07 2.37851e-06
51 3.78823e-06 8.10176e-07 2.33956e-06
52 3.72379e-06 7.98729e-07 2.29628e-06
53 3.66675e-06 7.87615e-07 2.2592e-06
54 3.61447e-06 7.76836e-07 2.22785e-06
55 3.56201e-06 7.67025e-07 2.19445e-06
56 3.5202e-06 7.56821e-07 2.17306e-06
57 3.48435e-06 7.46623e-07 2.14102e-06
58 3.43352e-06 7.37636e-07 2.10531e-06
59 3.37957e-06 7.28647e-07 2.0731e-06
60 3.3333e-06 7.19563e-07 2.04668e-06
61 1.9212e-05 1.89681e-05 5.70333e-06
62 1.88072e-05 1.87034e-05 5.40555e-06
63 1.79421e-05 1.7879e-05 5.11909e-06
64 1.70338e-05 1.69897e-05 4.84038e-06
65 1.61499e-05 1.61169e-05 4.57795e-06
66 1.53083e-05 1.52824e-05 4.33252e-06
67 1.45134e-05 1.44926e-05 4.10257e-06
68 1.37655e-05 1.37483e-05 3.88761e-06
69 1.30628e-05 1.30484e-05 3.68628e-06
70 1.24031e-05 1.23909e-05 3.49781e-06
71 1.17839e-05 1.17734e-05 3.32138e-06
72 1.12025e-05 1.11934e-05 3.156e-06
73 1.06564e-05 1.06484e-05 3.00086e-06
74 1.01431e-05 1.01361e-05 2.8552e-06
75 9.66044e-06 9.65434e-06 2.71842e-06
76 9.20629e-06 9.20091e-06 2.5898e-06
77 8.77868e-06 8.77393e-06 2.46878e-06
78 8.37584e-06 8.37162e-06 2.35486e-06
79 7.99602e-06 7.99228e-06 2.2475e-06
80 7.63772e-06 7.63441e-06 2.14629e-06
81 7.29948e-06 7.29653e-06 2.05078e-06
82 6.97997e-06 6.97736e-06 1.96061e-06
83 6.67795e-06 6.67564e-06 1.87541e-06
84 6.3923e-06 6.39025e-06 1.79485e-06
85 6.12195e-06 6.12014e-06 1.71864e-06
86 5.86593e-06 5.86434e-06 1.64649e-06
87 5.62333e-06 5.62193e-06 1.57814e-06
88 5.39332e-06 5.3921e-06 1.51336e-06
89 5.1751e-06 5.17405e-06 1.45192e-06
90 4.96797e-06 4.96707e-06 1.39361e-06
91 4.77125e-06 4.77048e-06 1.33825e-06
92 4.5843e-06 4.58365e-06 1.28566e-06
93 4.40655e-06 4.40603e-06 1.23566e-06
94 4.23746e-06 4.23704e-06 1.18811e-06
95 4.07652e-06 4.0762e-06 1.14286e-06
96 3.92327e-06 3.92303e-06 1.09979e-06
97 3.77722e-06 3.77707e-06 1.05872e-06
98 3.638e-06 3.63793e-06 1.01958e-06
99 3.50524e-06 3.50524e-06 9.82265e-07
100 3.37819e-06 3.37819e-06 9.46664e-07
101 3.25693e-06 3.25693e-06 9.12686e-07
102 3.14116e-06 3.14116e-06 8.80241e-07
103 3.03057e-06 3.03057e-06 8.49247e-07
104 2.92489e-06 2.92489e-06 8.19623e-07
105 2.82385e-06 2.82385e-06 7.91298e-07
106 2.7272e-06 2.7272e-06 7.64201e-07
107 2.63472e-06 2.63472e-06 7.3827e-07
108 2.54619e-06 2.54619e-06 7.13442e-07
109 2.4614e-06 2.4614e-06 6.8966e-07
110 2.38016e-06 2.38016e-06 6.66872e-07
111 2.30229e-06 2.30229e-06 6.45025e-07
112 2.22763e-06 2.22763e-06 6.24073e-07
113 2.156e-06 2.156e-06 6.0397e-07
114 2.08727e-06 2.08727e-06 5.84674e-07
115 2.02128e-06 2.02128e-06 5.66144e-07
116 1.95791e-06 1.95791e-06 5.48342e-07
117 1.89701e-06 1.89701e-06 5.31232e-07
118 1.83849e-06 1.83849e-06 5.1478e-07
119 1.78221e-06 1.78221e-06 4.98951e-07
120 1.72806e-06 1.72806e-06 4.83716e-07
121 1.67595e-06 1.67595e-06 4.69043e-07
122 1.62577e-06 1.62577e-06 4.549e-07
123 1.57743e-06 1.57743e-06 4.4126e-07
124 1.53082e-06 1.53082e-06 4.28096e-07
125 1.48584e-06 1.48584e-06 4.15368e-07
126 1.44241e-06 1.44241e-06 4.03054e-07
127 1.40042e-06 1.40042e-06 3.91116e-07
128 1.35974e-06 1.35974e-06 3.79502e-07
129 1.32022e-06 1.32022e-06 3.68164e-07
130 1.28165e-06 1.28165e-06 3.56988e-07
131 1.24373e-06 1.24373e-06 3.45892e-07
132 1.20587e-06 1.20587e-06 3.34549e-07
133 1.16669e-06 1.16669e-06 3.22372e-07
134 1.12183e-06 1.12183e-06 3.07779e-07
